 1.21000000e+02 3.10000000e+01
 0.00000000e+00 0.00000000e+00 0.00000000e+00 0.00000000e+00 0.00000000e+00 0.00000000e+00 0.00000000e+00 0.00000000e+00 0.00000000e+00 0.00000000e+00 0.00000000e+00 0.00000000e+00 0.00000000e+00 0.00000000e+00 0.00000000e+00 0.00000000e+00 0.00000000e+00 0.00000000e+00 0.00000000e+00 0.00000000e+00 0.00000000e+00 0.00000000e+00 0.00000000e+00 0.00000000e+00 0.00000000e+00 0.00000000e+00 0.00000000e+00 0.00000000e+00 0.00000000e+00 0.00000000e+00 0.00000000e+00
 2.88804494e-05 2.88604024e-05 2.88003793e-05 2.87007334e-05 2.85620501e-05 2.83851421e-05 2.81710429e-05 2.79209984e-05 2.76364558e-05 2.73190524e-05 2.69706008e-05 2.65930741e-05 2.61885890e-05 2.57593869e-05 2.53078152e-05 2.48363065e-05 2.43473576e-05 2.38435078e-05 2.33273170e-05 2.28013441e-05 2.22681251e-05 2.17301526e-05 2.11898557e-05 2.06495812e-05 2.01115765e-05 1.95779739e-05 1.90507770e-05 1.85318492e-05 1.80229043e-05 1.75254998e-05 1.70410315e-05
 1.84521751e-04 1.84305341e-04 1.83657492e-04 1.82582349e-04 1.81086813e-04 1.79180526e-04 1.76875854e-04 1.74187845e-04 1.71134181e-04 1.67735100e-04 1.64013295e-04 1.59993777e-04 1.55703710e-04 1.51172195e-04 1.46430025e-04 1.41509400e-04 1.36443591e-04 1.31266589e-04 1.26012708e-04 1.20716179e-04 1.15410722e-04 1.10129123e-04 1.04902818e-04 9.97614927e-05 9.47327180e-05 8.98416247e-05 8.51106292e-05 8.05592183e-05 7.62037969e-05 7.20576043e-05 6.81306985e-05
 6.07375896e-04 6.06535875e-04 6.04019381e-04 5.99837231e-04 5.94007843e-04 5.86557790e-04 5.77522508e-04 5.66947127e-04 5.54887334e-04 5.41410209e-04 5.26594948e-04 5.10533386e-04 4.93330257e-04 4.75103104e-04 4.55981793e-04 4.36107587e-04 4.15631754e-04 3.94713726e-04 3.73518826e-04 3.52215624e-04 3.30972995e-04 3.09956983e-04 2.89327592e-04 2.69235613e-04 2.49819634e-04 2.31203354e-04 2.13493309e-04 1.96777116e-04 1.81122296e-04 1.66575725e-04 1.53163734e-04
 1.43907572e-03 1.43715117e-03 1.43137427e-03 1.42173605e-03 1.40822444e-03 1.39082840e-03 1.36954348e-03 1.34437847e-03 1.31536289e-03 1.28255484e-03 1.24604881e-03 1.20598294e-03 1.16254535e-03 1.11597874e-03 1.06658327e-03 1.01471690e-03 9.60793220e-04 9.05276437e-04 8.48673676e-04 7.91524636e-04 7.34389033e-04 6.77832304e-04 6.22410218e-04 5.68653150e-04 5.17050807e-04 4.68038223e-04 4.21983763e-04 3.79179788e-04 3.39836453e-04 3.04078947e-04 2.71948245e-04
 2.73239491e-03 2.72955194e-03 2.72097605e-03 2.70652937e-03 2.68599225e-03 2.65907822e-03 2.62545434e-03 2.58476644e-03 2.53666835e-03 2.48085410e-03 2.41709163e-03 2.34525652e-03 2.26536388e-03 2.17759638e-03 2.08232639e-03 1.98013049e-03 1.87179442e-03 1.75830755e-03 1.64084591e-03 1.52074413e-03 1.39945689e-03 1.27851155e-03 1.15945451e-03 1.04379401e-03 9.32942954e-04 8.28165176e-04 7.30528646e-04 6.40868519e-04 5.59762379e-04 4.87519086e-04 4.24181631e-04
 4.36023171e-03 4.35818999e-03 4.35189732e-03 4.34085783e-03 4.32426715e-03 4.30104581e-03 4.26988625e-03 4.22931335e-03 4.17775803e-03 4.11364244e-03 4.03547471e-03 3.94194972e-03 3.83205145e-03 3.70515123e-03 3.56109550e-03 3.40027622e-03 3.22367731e-03 3.03289116e-03 2.83010105e-03 2.61802706e-03 2.39983618e-03 2.17901992e-03 1.95924583e-03 1.74419197e-03 1.53737538e-03 1.34198652e-03 1.16074196e-03 9.95765997e-04 8.48509965e-04 7.19714727e-04 6.09418051e-04
 5.97588364e-03 5.97855719e-03 5.98619300e-03 5.99764434e-03 6.01102698e-03 6.02376282e-03 6.03264664e-03 6.03394046e-03 6.02349943e-03 5.99693183e-03 5.94979300e-03 5.87780985e-03 5.77712815e-03 5.64457076e-03 5.47789075e-03 5.27600037e-03 5.03915508e-03 4.76907249e-03 4.46896842e-03 4.14349775e-03 3.79859467e-03 3.44121593e-03 3.07900008e-03 2.71986480e-03 2.37157181e-03 2.04129387e-03 1.73521961e-03 1.45822951e-03 1.21367027e-03 1.00324545e-03 8.27028660e-04
 7.06956835e-03 7.08264701e-03 7.12124300e-03 7.18343230e-03 7.26599824e-03 7.36442840e-03 7.47293281e-03 7.58450254e-03 7.69102899e-03 7.78350234e-03 7.85230222e-03 7.88758575e-03 7.87976688e-03 7.82006845e-03 7.70111532e-03 7.51752480e-03 7.26644216e-03 6.94796449e-03 6.56539875e-03 6.12530894e-03 5.63732353e-03 5.11369615e-03 4.56863825e-03 4.01746836e-03 3.47564599e-03 2.95777471e-03 2.47666694e-03 2.04255907e-03 1.66255184e-03 1.34032635e-03 1.07615618e-03
 7.13662490e-03 7.16542748e-03 7.25110954e-03 7.39144516e-03 7.58257061e-03 7.81878450e-03 8.09232714e-03 8.39319249e-03 8.70903212e-03 9.02521096e-03 9.32506713e-03 9.59041253e-03 9.80228788e-03 9.94195628e-03 9.99208589e-03 9.93803886e-03 9.76915425e-03 9.47989266e-03 9.07070464e-03 8.54849559e-03 7.92659030e-03 7.22414685e-03 6.46502944e-03 5.67621493e-03 4.88586950e-03 4.12128057e-03 3.40685593e-03 2.76240219e-03 2.20186568e-03 1.73266418e-03 1.35566577e-03
 5.93104760e-03 5.97644696e-03 6.11240641e-03 6.33805602e-03 6.65145080e-03 7.04889112e-03 7.52409379e-03 8.06732834e-03 8.66465237e-03 9.29738913e-03 9.94198477e-03 1.05703612e-02 1.11508398e-02 1.16496556e-02 1.20330082e-02 1.22695197e-02 1.23328941e-02 1.22045103e-02 1.18756443e-02 1.13490214e-02 1.06394376e-02 9.77328128e-03 8.78690583e-03 7.72395218e-03 6.63186141e-03 5.55794322e-03 4.54544252e-03 3.63006373e-03 2.83736198e-03 2.18129788e-03 1.66409452e-03
 3.73984002e-03 3.79276184e-03 3.95294109e-03 4.22427174e-03 4.61211642e-03 5.12172108e-03 5.75620524e-03 6.51433130e-03 7.38830267e-03 8.36187238e-03 9.40905385e-03 1.04937064e-02 1.15702142e-02 1.25853825e-02 1.34815495e-02 1.42007519e-02 1.46896210e-02 1.49045328e-02 1.48164239e-02 1.44146438e-02 1.37092572e-02 1.27313494e-02 1.15311165e-02 1.01738115e-02 8.73392334e-03 7.28824644e-03 5.90868893e-03 4.65573801e-03 3.57342610e-03 2.68642804e-03 1.99960214e-03
 1.59427928e-03 1.62995509e-03 1.74191559e-03 1.94431456e-03 2.25863170e-03 2.71065514e-03 3.32655663e-03 4.12836660e-03 5.12924676e-03 6.32903677e-03 7.71060461e-03 9.23754010e-03 1.08536802e-02 1.24848301e-02 1.40428404e-02 1.54319274e-02 1.65568076e-02 1.73318926e-02 1.76905266e-02 1.75930812e-02 1.70327270e-02 1.60378863e-02 1.46707537e-02 1.30217961e-02 1.12007468e-02 9.32517599e-03 7.50814993e-03 5.84668948e-03 4.41264596e-03 3.24724155e-03 2.35992592e-03
 1.34174717e-03 1.31528635e-03 1.24688614e-03 1.16845252e-03 1.12973802e-03 1.19336976e-03 1.42823768e-03 1.90163366e-03 2.67068675e-03 3.77380049e-03 5.22293972e-03 6.99770414e-03 9.04212492e-03 1.12649942e-02 1.35442614e-02 1.57356024e-02 1.76847238e-02 1.92423545e-02 2.02803190e-02 2.07066692e-02 2.04777066e-02 1.96049248e-02 1.81554681e-02 1.62455933e-02 1.40276991e-02 1.16725757e-02 9.34939362e-03 7.20641787e-03 5.35536855e-03 3.86173974e-03 2.74234290e-03
 5.53447351e-03 5.37923618e-03 4.93352929e-03 4.25587717e-03 3.43888092e-03 2.60193046e-03 1.88129301e-03 1.41797456e-03 1.34398746e-03 1.76794089e-03 2.76116621e-03 4.34583995e-03 6.48670158e-03 9.08790741e-03 1.19962515e-02 1.50113910e-02 1.79028571e-02 2.04326000e-02 2.23807625e-02 2.35714992e-02 2.38951787e-02 2.33234008e-02 2.19140223e-02 1.98047718e-02 1.71958502e-02 1.43238338e-02 1.14308361e-02 8.73385263e-03 6.39926843e-03 4.52658005e-03 3.14364255e-03
 1.71386046e-02 1.67683045e-02 1.56894680e-02 1.39963701e-02 1.18397318e-02 9.41709091e-03 6.95937005e-03 4.71389070e-03 2.92441175e-03 1.80921702e-03 1.53880528e-03 2.21525917e-03 3.85577042e-03 6.38294201e-03 9.62423994e-03 1.33222393e-02 1.71560856e-02 2.07729712e-02 2.38266279e-02 2.60181893e-02 2.71336624e-02 2.70720232e-02 2.58588448e-02 2.36423737e-02 2.06718422e-02 1.72610063e-02 1.37427721e-02 1.04226290e-02 7.53895576e-03 5.23694254e-03 3.56011302e-03
 3.91133203e-02 3.84279295e-02 3.64185033e-02 3.32230700e-02 2.90642095e-02 2.42375454e-02 1.90951727e-02 1.40238969e-02 9.41856331e-03 5.65139967e-03 3.03914042e-03 1.81062728e-03 2.07842589e-03 3.81853133e-03 6.86222220e-03 1.09033649e-02 1.55228716e-02 2.02296542e-02 2.45145799e-02 2.79111091e-02 3.00541201e-02 3.07275214e-02 2.98920979e-02 2.76877588e-02 2.44086255e-02 2.04544608e-02 1.62666830e-02 1.22605022e-02 8.76565518e-03 5.98643388e-03 3.98754378e-03
 7.39414663e-02 7.28360972e-02 6.95831623e-02 6.43699292e-02 5.75007759e-02 4.93848326e-02 4.05173855e-02 3.14542476e-02 2.27787431e-02 1.50618041e-02 8.81690237e-03 4.45301935e-03 2.23034505e-03 2.22457556e-03 4.30615485e-03 8.14021629e-03 1.32110815e-02 1.88719684e-02 2.44163769e-02 2.91631404e-02 3.25433183e-02 3.41750021e-02 3.39125791e-02 3.18604209e-02 2.83470086e-02 2.38630872e-02 1.89748923e-02 1.42289579e-02 1.00669882e-02 6.76704107e-03 4.42124711e-03
 1.23202402e-01 1.21577667e-01 1.16783573e-01 1.09058526e-01 9.87930349e-02 8.65180728e-02 7.28863170e-02 5.86444566e-02 4.45951871e-02 3.15485331e-02 2.02638005e-02 1.13855992e-02 5.37973990e-03 2.47692077e-03 2.63341990e-03 5.51788783e-03 1.05313172e-02 1.68631952e-02 2.35810387e-02 2.97438478e-02 3.45238822e-02 3.73171614e-02 3.78226900e-02 3.60743944e-02 3.24178945e-02 2.74350837e-02 2.18306266e-02 1.63030718e-02 1.14268912e-02 7.56914691e-03 4.85610007e-03
 1.87264247e-01 1.85036322e-01 1.78448716e-01 1.67788781e-01 1.53530934e-01 1.36327735e-01 1.16993425e-01 9.64767862e-02 7.58204608e-02 5.61050445e-02 3.83783226e-02 2.35729309e-02 1.24191424e-02 5.36284797e-03 2.50130544e-03 3.54997603e-03 7.85192790e-03 1.44364429e-02 2.21258298e-02 2.96800897e-02 3.59598556e-02 4.00812981e-02 4.15347199e-02 4.02428131e-02 3.65450164e-02 3.11092867e-02 2.47885164e-02 1.84516648e-02 1.28256980e-02 8.38161698e-03 5.28660799e-03
 2.65142807e-01 2.62251580e-01 2.53687927e-01 2.39782026e-01 2.21083540e-01 1.98357621e-01 1.72573578e-01 1.44881433e-01 1.16571670e-01 8.90146053e-02 6.35782863e-02 4.15275036e-02 2.39111436e-02 1.14500157e-02 4.44141537e-03 2.69874864e-03 5.54329410e-03 1.18597778e-02 2.02178937e-02 2.90493968e-02 3.68573152e-02 4.24234315e-02 4.49758097e-02 4.42821889e-02 4.06479508e-02 3.48169754e-02 2.77955479e-02 2.06377841e-02 1.42404078e-02 9.19196511e-03 5.70698919e-03
 3.54538101e-01 3.50952299e-01 3.40315551e-01 3.22991598e-01 2.99591404e-01 2.70976221e-01 2.38254238e-01 2.02764211e-01 1.66039130e-01 1.29744104e-01 9.55852702e-02 6.51910615e-02 3.99730589e-02 2.09803623e-02 8.76753168e-03 3.30002442e-03 3.92087240e-03 9.39672040e-03 1.80499490e-02 2.79676226e-02 3.72603646e-02 4.43292574e-02 4.80911574e-02 4.81160322e-02 4.46451730e-02 3.84840509e-02 3.07924487e-02 2.28195233e-02 1.56451516e-02 9.98659995e-03 6.11127987e-03
 4.52026416e-01 4.47745285e-01 4.35029347e-01 4.14264785e-01 3.86106551e-01 3.51490335e-01 3.11639751e-01 2.68060154e-01 2.22509764e-01 1.76939565e-01 1.33396279e-01 9.38878431e-02 6.02180598e-02 3.38057123e-02 1.55118629e-02 5.50518903e-03 3.19659111e-03 7.26888836e-03 1.58143530e-02 2.65732105e-02 3.72434859e-02 4.58121142e-02 5.08452682e-02 5.16775332e-02 4.84569391e-02 4.20334712e-02 3.37154625e-02 2.49511737e-02 1.70118551e-02 1.07511506e-02 6.49345661e-03
 5.53363235e-01 5.48415015e-01 5.33700687e-01 5.09617375e-01 4.76845680e-01 4.36371883e-01 3.89507572e-01 3.37896195e-01 2.83494688e-01 2.28518767e-01 1.75343266e-01 1.26354559e-01 8.37605810e-02 4.93745750e-02 2.43996090e-02 9.24967523e-03 3.44656958e-03 5.62699516e-03 1.36798956e-02 2.50107864e-02 3.69016628e-02 4.69084955e-02 5.32212943e-02 5.49111511e-02 5.20078155e-02 4.53878124e-02 3.64984411e-02 2.69846725e-02 1.83110844e-02 1.14708632e-02 6.84757298e-03
 6.53843061e-01 6.48281022e-01 6.31724605e-01 6.04571444e-01 5.67510766e-01 5.21556462e-01 4.68080235e-01 4.08832503e-01 3.45936745e-01 2.81842962e-01 2.19228489e-01 1.60840478e-01 1.09283903e-01 6.67714964e-02 3.48655051e-02 1.42527479e-02 4.60021651e-03 4.53475731e-03 1.17749485e-02 2.34166272e-02 3.63398299e-02 4.76718831e-02 5.52187234e-02 5.77730946e-02 5.52287347e-02 4.84718318e-02 3.90751629e-02 2.88712928e-02 1.95130438e-02 1.21310548e-02 7.16790562e-03
 7.48665101e-01 7.42562179e-01 7.24379784e-01 6.94507902e-01 6.53630637e-01 6.02770047e-01 5.43332919e-01 4.77146522e-01 4.06466774e-01 3.33941656e-01 2.62515030e-01 1.95262249e-01 1.35159470e-01 8.48028299e-02 4.61096756e-02 2.00484500e-02 6.45214225e-03 3.96788679e-03 1.01792390e-02 2.19079458e-02 3.56630579e-02 4.81657648e-02 5.68498282e-02 6.02307994e-02 5.80585225e-02 5.12149177e-02 4.13817673e-02 3.05634967e-02 2.05886811e-02 1.27176057e-02 7.44910427e-03
 8.33265336e-01 8.26708435e-01 8.07159145e-01 7.74994707e-01 7.30884961e-01 6.75846115e-01 6.11300267e-01 5.39125333e-01 4.61676849e-01 3.81761951e-01 3.02547793e-01 2.27392974e-01 1.59601806e-01 1.02117014e-01 5.71847543e-02 2.60429375e-02 8.69465741e-03 3.82770735e-03 8.92482473e-03 2.05770069e-02 3.49685073e-02 4.84566403e-02 5.81353715e-02 6.22616133e-02 6.04449046e-02 5.35533329e-02 4.33591874e-02 3.20168566e-02 2.15108441e-02 1.32174660e-02 7.68633959e-03
 9.03591032e-01 8.96675874e-01 8.76046388e-01 8.42065344e-01 7.95384354e-01 7.37006093e-01 6.68354778e-01 5.91338463e-01 5.08383033e-01 4.22416081e-01 3.36780448e-01 2.55063517e-01 1.80840124e-01 1.17343950e-01 6.71024544e-02 3.15898261e-02 1.09655118e-02 3.96649735e-03 8.00514807e-03 1.94900625e-02 3.43396725e-02 4.86076547e-02 5.91000696e-02 6.38509637e-02 6.23450585e-02 5.54321808e-02 4.49554611e-02 3.31919368e-02 2.22554235e-02 1.36191502e-02 7.87544246e-03
 9.56308888e-01 9.49135991e-01 9.27728501e-01 8.92436180e-01 8.43893422e-01 7.83087908e-01 7.11439478e-01 6.30872022e-01 5.43857082e-01 4.53405771e-01 3.62986908e-01 2.76355477e-01 1.97287704e-01 1.29236907e-01 7.49458995e-02 3.60729851e-02 1.29033840e-02 4.21981548e-03 7.38964013e-03 1.86901559e-02 3.38429167e-02 4.86732748e-02 5.97682758e-02 6.49903154e-02 6.37258133e-02 5.68070461e-02 4.61278032e-02 3.40560260e-02 2.28024110e-02 1.39131912e-02 8.01302835e-03
 9.88949806e-01 9.81621819e-01 9.59745796e-01 9.23662561e-01 8.73994391e-01 8.11717683e-01 7.38247105e-01 6.55513549e-01 5.66013879e-01 4.72808088e-01 3.79440585e-01 2.89768467e-01 2.07692038e-01 1.36801208e-01 7.99739860e-02 3.89855867e-02 1.42026952e-02 4.44007036e-03 7.04047034e-03 1.82021848e-02 3.35258713e-02 4.86952034e-02 6.01602610e-02 6.56752160e-02 6.45636251e-02 5.76452819e-02 4.68443373e-02 3.45846149e-02 2.31368083e-02 1.40925272e-02 8.09660101e-03
 1.00000000e+00 9.92620272e-01 9.70587872e-01 9.34240450e-01 8.84195933e-01 8.21426561e-01 7.47344834e-01 6.63883539e-01 5.73547610e-01 4.79413105e-01 3.85049609e-01 2.94348505e-01 2.11251988e-01 1.39396313e-01 8.17055701e-02 3.99950510e-02 1.46596326e-02 4.52555779e-03 6.92781543e-03 1.80383404e-02 3.34170339e-02 4.86995522e-02 6.02893727e-02 6.59036948e-02 6.48444506e-02 5.79269317e-02 4.70853976e-02 3.47625245e-02 2.32493231e-02 1.41527975e-02 8.12463039e-03
 9.88949806e-01 9.81621819e-01 9.59745796e-01 9.23662561e-01 8.73994391e-01 8.11717683e-01 7.38247105e-01 6.55513549e-01 5.66013879e-01 4.72808088e-01 3.79440585e-01 2.89768467e-01 2.07692038e-01 1.36801208e-01 7.99739860e-02 3.89855867e-02 1.42026952e-02 4.44007036e-03 7.04047034e-03 1.82021848e-02 3.35258713e-02 4.86952034e-02 6.01602610e-02 6.56752160e-02 6.45636251e-02 5.76452819e-02 4.68443373e-02 3.45846149e-02 2.31368083e-02 1.40925272e-02 8.09660101e-03
 9.56308888e-01 9.49135991e-01 9.27728501e-01 8.92436180e-01 8.43893422e-01 7.83087908e-01 7.11439478e-01 6.30872022e-01 5.43857082e-01 4.53405771e-01 3.62986908e-01 2.76355477e-01 1.97287704e-01 1.29236907e-01 7.49458995e-02 3.60729851e-02 1.29033840e-02 4.21981548e-03 7.38964013e-03 1.86901559e-02 3.38429167e-02 4.86732748e-02 5.97682758e-02 6.49903154e-02 6.37258133e-02 5.68070461e-02 4.61278032e-02 3.40560260e-02 2.28024110e-02 1.39131912e-02 8.01302835e-03
 9.03591032e-01 8.96675874e-01 8.76046388e-01 8.42065344e-01 7.95384354e-01 7.37006093e-01 6.68354778e-01 5.91338463e-01 5.08383033e-01 4.22416081e-01 3.36780448e-01 2.55063517e-01 1.80840124e-01 1.17343950e-01 6.71024544e-02 3.15898261e-02 1.09655118e-02 3.96649735e-03 8.00514807e-03 1.94900625e-02 3.43396725e-02 4.86076547e-02 5.91000696e-02 6.38509637e-02 6.23450585e-02 5.54321808e-02 4.49554611e-02 3.31919368e-02 2.22554235e-02 1.36191502e-02 7.87544246e-03
 8.33265336e-01 8.26708435e-01 8.07159145e-01 7.74994707e-01 7.30884961e-01 6.75846115e-01 6.11300267e-01 5.39125333e-01 4.61676849e-01 3.81761951e-01 3.02547793e-01 2.27392974e-01 1.59601806e-01 1.02117014e-01 5.71847543e-02 2.60429375e-02 8.69465741e-03 3.82770735e-03 8.92482473e-03 2.05770069e-02 3.49685073e-02 4.84566403e-02 5.81353715e-02 6.22616133e-02 6.04449046e-02 5.35533329e-02 4.33591874e-02 3.20168566e-02 2.15108441e-02 1.32174660e-02 7.68633959e-03
 7.48665101e-01 7.42562179e-01 7.24379784e-01 6.94507902e-01 6.53630637e-01 6.02770047e-01 5.43332919e-01 4.77146522e-01 4.06466774e-01 3.33941656e-01 2.62515030e-01 1.95262249e-01 1.35159470e-01 8.48028299e-02 4.61096756e-02 2.00484500e-02 6.45214225e-03 3.96788679e-03 1.01792390e-02 2.19079458e-02 3.56630579e-02 4.81657648e-02 5.68498282e-02 6.02307994e-02 5.80585225e-02 5.12149177e-02 4.13817673e-02 3.05634967e-02 2.05886811e-02 1.27176057e-02 7.44910427e-03
 6.53843061e-01 6.48281022e-01 6.31724605e-01 6.04571444e-01 5.67510766e-01 5.21556462e-01 4.68080235e-01 4.08832503e-01 3.45936745e-01 2.81842962e-01 2.19228489e-01 1.60840478e-01 1.09283903e-01 6.67714964e-02 3.48655051e-02 1.42527479e-02 4.60021651e-03 4.53475731e-03 1.17749485e-02 2.34166272e-02 3.63398299e-02 4.76718831e-02 5.52187234e-02 5.77730946e-02 5.52287347e-02 4.84718318e-02 3.90751629e-02 2.88712928e-02 1.95130438e-02 1.21310548e-02 7.16790562e-03
 5.53363235e-01 5.48415015e-01 5.33700687e-01 5.09617375e-01 4.76845680e-01 4.36371883e-01 3.89507572e-01 3.37896195e-01 2.83494688e-01 2.28518767e-01 1.75343266e-01 1.26354559e-01 8.37605810e-02 4.93745750e-02 2.43996090e-02 9.24967523e-03 3.44656958e-03 5.62699516e-03 1.36798956e-02 2.50107864e-02 3.69016628e-02 4.69084955e-02 5.32212943e-02 5.49111511e-02 5.20078155e-02 4.53878124e-02 3.64984411e-02 2.69846725e-02 1.83110844e-02 1.14708632e-02 6.84757298e-03
 4.52026416e-01 4.47745285e-01 4.35029347e-01 4.14264785e-01 3.86106551e-01 3.51490335e-01 3.11639751e-01 2.68060154e-01 2.22509764e-01 1.76939565e-01 1.33396279e-01 9.38878431e-02 6.02180598e-02 3.38057123e-02 1.55118629e-02 5.50518903e-03 3.19659111e-03 7.26888836e-03 1.58143530e-02 2.65732105e-02 3.72434859e-02 4.58121142e-02 5.08452682e-02 5.16775332e-02 4.84569391e-02 4.20334712e-02 3.37154625e-02 2.49511737e-02 1.70118551e-02 1.07511506e-02 6.49345661e-03
 3.54538101e-01 3.50952299e-01 3.40315551e-01 3.22991598e-01 2.99591404e-01 2.70976221e-01 2.38254238e-01 2.02764211e-01 1.66039130e-01 1.29744104e-01 9.55852702e-02 6.51910615e-02 3.99730589e-02 2.09803623e-02 8.76753168e-03 3.30002442e-03 3.92087240e-03 9.39672040e-03 1.80499490e-02 2.79676226e-02 3.72603646e-02 4.43292574e-02 4.80911574e-02 4.81160322e-02 4.46451730e-02 3.84840509e-02 3.07924487e-02 2.28195233e-02 1.56451516e-02 9.98659995e-03 6.11127987e-03
 2.65142807e-01 2.62251580e-01 2.53687927e-01 2.39782026e-01 2.21083540e-01 1.98357621e-01 1.72573578e-01 1.44881433e-01 1.16571670e-01 8.90146053e-02 6.35782863e-02 4.15275036e-02 2.39111436e-02 1.14500157e-02 4.44141537e-03 2.69874864e-03 5.54329410e-03 1.18597778e-02 2.02178937e-02 2.90493968e-02 3.68573152e-02 4.24234315e-02 4.49758097e-02 4.42821889e-02 4.06479508e-02 3.48169754e-02 2.77955479e-02 2.06377841e-02 1.42404078e-02 9.19196511e-03 5.70698919e-03
 1.87264247e-01 1.85036322e-01 1.78448716e-01 1.67788781e-01 1.53530934e-01 1.36327735e-01 1.16993425e-01 9.64767862e-02 7.58204608e-02 5.61050445e-02 3.83783226e-02 2.35729309e-02 1.24191424e-02 5.36284797e-03 2.50130544e-03 3.54997603e-03 7.85192790e-03 1.44364429e-02 2.21258298e-02 2.96800897e-02 3.59598556e-02 4.00812981e-02 4.15347199e-02 4.02428131e-02 3.65450164e-02 3.11092867e-02 2.47885164e-02 1.84516648e-02 1.28256980e-02 8.38161698e-03 5.28660799e-03
 1.23202402e-01 1.21577667e-01 1.16783573e-01 1.09058526e-01 9.87930349e-02 8.65180728e-02 7.28863170e-02 5.86444566e-02 4.45951871e-02 3.15485331e-02 2.02638005e-02 1.13855992e-02 5.37973990e-03 2.47692077e-03 2.63341990e-03 5.51788783e-03 1.05313172e-02 1.68631952e-02 2.35810387e-02 2.97438478e-02 3.45238822e-02 3.73171614e-02 3.78226900e-02 3.60743944e-02 3.24178945e-02 2.74350837e-02 2.18306266e-02 1.63030718e-02 1.14268912e-02 7.56914691e-03 4.85610007e-03
 7.39414663e-02 7.28360972e-02 6.95831623e-02 6.43699292e-02 5.75007759e-02 4.93848326e-02 4.05173855e-02 3.14542476e-02 2.27787431e-02 1.50618041e-02 8.81690237e-03 4.45301935e-03 2.23034505e-03 2.22457556e-03 4.30615485e-03 8.14021629e-03 1.32110815e-02 1.88719684e-02 2.44163769e-02 2.91631404e-02 3.25433183e-02 3.41750021e-02 3.39125791e-02 3.18604209e-02 2.83470086e-02 2.38630872e-02 1.89748923e-02 1.42289579e-02 1.00669882e-02 6.76704107e-03 4.42124711e-03
 3.91133203e-02 3.84279295e-02 3.64185033e-02 3.32230700e-02 2.90642095e-02 2.42375454e-02 1.90951727e-02 1.40238969e-02 9.41856331e-03 5.65139967e-03 3.03914042e-03 1.81062728e-03 2.07842589e-03 3.81853133e-03 6.86222220e-03 1.09033649e-02 1.55228716e-02 2.02296542e-02 2.45145799e-02 2.79111091e-02 3.00541201e-02 3.07275214e-02 2.98920979e-02 2.76877588e-02 2.44086255e-02 2.04544608e-02 1.62666830e-02 1.22605022e-02 8.76565518e-03 5.98643388e-03 3.98754378e-03
 1.71386046e-02 1.67683045e-02 1.56894680e-02 1.39963701e-02 1.18397318e-02 9.41709091e-03 6.95937005e-03 4.71389070e-03 2.92441175e-03 1.80921702e-03 1.53880528e-03 2.21525917e-03 3.85577042e-03 6.38294201e-03 9.62423994e-03 1.33222393e-02 1.71560856e-02 2.07729712e-02 2.38266279e-02 2.60181893e-02 2.71336624e-02 2.70720232e-02 2.58588448e-02 2.36423737e-02 2.06718422e-02 1.72610063e-02 1.37427721e-02 1.04226290e-02 7.53895576e-03 5.23694254e-03 3.56011302e-03
 5.53447351e-03 5.37923618e-03 4.93352929e-03 4.25587717e-03 3.43888092e-03 2.60193046e-03 1.88129301e-03 1.41797456e-03 1.34398746e-03 1.76794089e-03 2.76116621e-03 4.34583995e-03 6.48670158e-03 9.08790741e-03 1.19962515e-02 1.50113910e-02 1.79028571e-02 2.04326000e-02 2.23807625e-02 2.35714992e-02 2.38951787e-02 2.33234008e-02 2.19140223e-02 1.98047718e-02 1.71958502e-02 1.43238338e-02 1.14308361e-02 8.73385263e-03 6.39926843e-03 4.52658005e-03 3.14364255e-03
 1.34174717e-03 1.31528635e-03 1.24688614e-03 1.16845252e-03 1.12973802e-03 1.19336976e-03 1.42823768e-03 1.90163366e-03 2.67068675e-03 3.77380049e-03 5.22293972e-03 6.99770414e-03 9.04212492e-03 1.12649942e-02 1.35442614e-02 1.57356024e-02 1.76847238e-02 1.92423545e-02 2.02803190e-02 2.07066692e-02 2.04777066e-02 1.96049248e-02 1.81554681e-02 1.62455933e-02 1.40276991e-02 1.16725757e-02 9.34939362e-03 7.20641787e-03 5.35536855e-03 3.86173974e-03 2.74234290e-03
 1.59427928e-03 1.62995509e-03 1.74191559e-03 1.94431456e-03 2.25863170e-03 2.71065514e-03 3.32655663e-03 4.12836660e-03 5.12924676e-03 6.32903677e-03 7.71060461e-03 9.23754010e-03 1.08536802e-02 1.24848301e-02 1.40428404e-02 1.54319274e-02 1.65568076e-02 1.73318926e-02 1.76905266e-02 1.75930812e-02 1.70327270e-02 1.60378863e-02 1.46707537e-02 1.30217961e-02 1.12007468e-02 9.32517599e-03 7.50814993e-03 5.84668948e-03 4.41264596e-03 3.24724155e-03 2.35992592e-03
 3.73984002e-03 3.79276184e-03 3.95294109e-03 4.22427174e-03 4.61211642e-03 5.12172108e-03 5.75620524e-03 6.51433130e-03 7.38830267e-03 8.36187238e-03 9.40905385e-03 1.04937064e-02 1.15702142e-02 1.25853825e-02 1.34815495e-02 1.42007519e-02 1.46896210e-02 1.49045328e-02 1.48164239e-02 1.44146438e-02 1.37092572e-02 1.27313494e-02 1.15311165e-02 1.01738115e-02 8.73392334e-03 7.28824644e-03 5.90868893e-03 4.65573801e-03 3.57342610e-03 2.68642804e-03 1.99960214e-03
 5.93104760e-03 5.97644696e-03 6.11240641e-03 6.33805602e-03 6.65145080e-03 7.04889112e-03 7.52409379e-03 8.06732834e-03 8.66465237e-03 9.29738913e-03 9.94198477e-03 1.05703612e-02 1.11508398e-02 1.16496556e-02 1.20330082e-02 1.22695197e-02 1.23328941e-02 1.22045103e-02 1.18756443e-02 1.13490214e-02 1.06394376e-02 9.77328128e-03 8.78690583e-03 7.72395218e-03 6.63186141e-03 5.55794322e-03 4.54544252e-03 3.63006373e-03 2.83736198e-03 2.18129788e-03 1.66409452e-03
 7.13662490e-03 7.16542748e-03 7.25110954e-03 7.39144516e-03 7.58257061e-03 7.81878450e-03 8.09232714e-03 8.39319249e-03 8.70903212e-03 9.02521096e-03 9.32506713e-03 9.59041253e-03 9.80228788e-03 9.94195628e-03 9.99208589e-03 9.93803886e-03 9.76915425e-03 9.47989266e-03 9.07070464e-03 8.54849559e-03 7.92659030e-03 7.22414685e-03 6.46502944e-03 5.67621493e-03 4.88586950e-03 4.12128057e-03 3.40685593e-03 2.76240219e-03 2.20186568e-03 1.73266418e-03 1.35566577e-03
 7.06956835e-03 7.08264701e-03 7.12124300e-03 7.18343230e-03 7.26599824e-03 7.36442840e-03 7.47293281e-03 7.58450254e-03 7.69102899e-03 7.78350234e-03 7.85230222e-03 7.88758575e-03 7.87976688e-03 7.82006845e-03 7.70111532e-03 7.51752480e-03 7.26644216e-03 6.94796449e-03 6.56539875e-03 6.12530894e-03 5.63732353e-03 5.11369615e-03 4.56863825e-03 4.01746836e-03 3.47564599e-03 2.95777471e-03 2.47666694e-03 2.04255907e-03 1.66255184e-03 1.34032635e-03 1.07615618e-03
 5.97588364e-03 5.97855719e-03 5.98619300e-03 5.99764434e-03 6.01102698e-03 6.02376282e-03 6.03264664e-03 6.03394046e-03 6.02349943e-03 5.99693183e-03 5.94979300e-03 5.87780985e-03 5.77712815e-03 5.64457076e-03 5.47789075e-03 5.27600037e-03 5.03915508e-03 4.76907249e-03 4.46896842e-03 4.14349775e-03 3.79859467e-03 3.44121593e-03 3.07900008e-03 2.71986480e-03 2.37157181e-03 2.04129387e-03 1.73521961e-03 1.45822951e-03 1.21367027e-03 1.00324545e-03 8.27028660e-04
 4.36023171e-03 4.35818999e-03 4.35189732e-03 4.34085783e-03 4.32426715e-03 4.30104581e-03 4.26988625e-03 4.22931335e-03 4.17775803e-03 4.11364244e-03 4.03547471e-03 3.94194972e-03 3.83205145e-03 3.70515123e-03 3.56109550e-03 3.40027622e-03 3.22367731e-03 3.03289116e-03 2.83010105e-03 2.61802706e-03 2.39983618e-03 2.17901992e-03 1.95924583e-03 1.74419197e-03 1.53737538e-03 1.34198652e-03 1.16074196e-03 9.95765997e-04 8.48509965e-04 7.19714727e-04 6.09418051e-04
 2.73239491e-03 2.72955194e-03 2.72097605e-03 2.70652937e-03 2.68599225e-03 2.65907822e-03 2.62545434e-03 2.58476644e-03 2.53666835e-03 2.48085410e-03 2.41709163e-03 2.34525652e-03 2.26536388e-03 2.17759638e-03 2.08232639e-03 1.98013049e-03 1.87179442e-03 1.75830755e-03 1.64084591e-03 1.52074413e-03 1.39945689e-03 1.27851155e-03 1.15945451e-03 1.04379401e-03 9.32942954e-04 8.28165176e-04 7.30528646e-04 6.40868519e-04 5.59762379e-04 4.87519086e-04 4.24181631e-04
 1.43907572e-03 1.43715117e-03 1.43137427e-03 1.42173605e-03 1.40822444e-03 1.39082840e-03 1.36954348e-03 1.34437847e-03 1.31536289e-03 1.28255484e-03 1.24604881e-03 1.20598294e-03 1.16254535e-03 1.11597874e-03 1.06658327e-03 1.01471690e-03 9.60793220e-04 9.05276437e-04 8.48673676e-04 7.91524636e-04 7.34389033e-04 6.77832304e-04 6.22410218e-04 5.68653150e-04 5.17050807e-04 4.68038223e-04 4.21983763e-04 3.79179788e-04 3.39836453e-04 3.04078947e-04 2.71948245e-04
 6.07375896e-04 6.06535875e-04 6.04019381e-04 5.99837231e-04 5.94007843e-04 5.86557790e-04 5.77522508e-04 5.66947127e-04 5.54887334e-04 5.41410209e-04 5.26594948e-04 5.10533386e-04 4.93330257e-04 4.75103104e-04 4.55981793e-04 4.36107587e-04 4.15631754e-04 3.94713726e-04 3.73518826e-04 3.52215624e-04 3.30972995e-04 3.09956983e-04 2.89327592e-04 2.69235613e-04 2.49819634e-04 2.31203354e-04 2.13493309e-04 1.96777116e-04 1.81122296e-04 1.66575725e-04 1.53163734e-04
 1.84521751e-04 1.84305341e-04 1.83657492e-04 1.82582349e-04 1.81086813e-04 1.79180526e-04 1.76875854e-04 1.74187845e-04 1.71134181e-04 1.67735100e-04 1.64013295e-04 1.59993777e-04 1.55703710e-04 1.51172195e-04 1.46430025e-04 1.41509400e-04 1.36443591e-04 1.31266589e-04 1.26012708e-04 1.20716179e-04 1.15410722e-04 1.10129123e-04 1.04902818e-04 9.97614927e-05 9.47327180e-05 8.98416247e-05 8.51106292e-05 8.05592183e-05 7.62037969e-05 7.20576043e-05 6.81306985e-05
 2.88804494e-05 2.88604024e-05 2.88003793e-05 2.87007334e-05 2.85620501e-05 2.83851421e-05 2.81710429e-05 2.79209984e-05 2.76364558e-05 2.73190524e-05 2.69706008e-05 2.65930741e-05 2.61885890e-05 2.57593869e-05 2.53078152e-05 2.48363065e-05 2.43473576e-05 2.38435078e-05 2.33273170e-05 2.28013441e-05 2.22681251e-05 2.17301526e-05 2.11898557e-05 2.06495812e-05 2.01115765e-05 1.95779739e-05 1.90507770e-05 1.85318492e-05 1.80229043e-05 1.75254998e-05 1.70410315e-05
 0.00000000e+00 0.00000000e+00 0.00000000e+00 0.00000000e+00 0.00000000e+00 0.00000000e+00 0.00000000e+00 0.00000000e+00 0.00000000e+00 0.00000000e+00 0.00000000e+00 0.00000000e+00 0.00000000e+00 0.00000000e+00 0.00000000e+00 0.00000000e+00 0.00000000e+00 0.00000000e+00 0.00000000e+00 0.00000000e+00 0.00000000e+00 0.00000000e+00 0.00000000e+00 0.00000000e+00 0.00000000e+00 0.00000000e+00 0.00000000e+00 0.00000000e+00 0.00000000e+00 0.00000000e+00 0.00000000e+00
 1.02811596e-05 1.02875476e-05 1.03067350e-05 1.03387914e-05 1.03838326e-05 1.04420186e-05 1.05135524e-05 1.05986780e-05 1.06976771e-05 1.08108659e-05 1.09385913e-05 1.10812254e-05 1.12391608e-05 1.14128033e-05 1.16025654e-05 1.18088578e-05 1.20320806e-05 1.22726138e-05 1.25308065e-05 1.28069663e-05 1.31013473e-05 1.34141383e-05 1.37454502e-05 1.40953042e-05 1.44636196e-05 1.48502017e-05 1.52547310e-05 1.56767533e-05 1.61156702e-05 1.65707321e-05 1.70410315e-05
 2.84917542e-05 2.85135359e-05 2.85791331e-05 2.86893059e-05 2.88453378e-05 2.90490578e-05 2.93028719e-05 2.96097998e-05 2.99735158e-05 3.03983910e-05 3.08895346e-05 3.14528298e-05 3.20949608e-05 3.28234279e-05 3.36465449e-05 3.45734159e-05 3.56138867e-05 3.67784679e-05 3.80782259e-05 3.95246408e-05 4.11294289e-05 4.29043324e-05 4.48608746e-05 4.70100881e-05 4.93622178e-05 5.19264065e-05 5.47103721e-05 5.77200833e-05 6.09594456e-05 6.44300077e-05 6.81306985e-05
 5.15830168e-05 5.16227724e-05 5.17421225e-05 5.19413575e-05 5.22210970e-05 5.25824936e-05 5.30275199e-05 5.35593382e-05 5.41827505e-05 5.49047243e-05 5.57349853e-05 5.66866607e-05 5.77769543e-05 5.90278244e-05 6.04666293e-05 6.21267005e-05 6.40477958e-05 6.62763832e-05 6.88657038e-05 7.18755675e-05 7.53718374e-05 7.94255720e-05 8.41118079e-05 8.95079797e-05 9.56919990e-05 1.02740030e-04 1.10724028e-04 1.19709111e-04 1.29750886e-04 1.40892810e-04 1.53163734e-04
 7.42219418e-05 7.43327058e-05 7.46634435e-05 7.52095320e-05 7.59634113e-05 7.69148422e-05 7.80513434e-05 7.93588770e-05 8.08228572e-05 8.24295555e-05 8.41679663e-05 8.60321712e-05 8.80242073e-05 9.01574000e-05 9.24600685e-05 9.49794504e-05 9.77856334e-05 1.00975228e-04 1.04674464e-04 1.09041376e-04 1.14266719e-04 1.20573305e-04 1.28213486e-04 1.37464592e-04 1.48622269e-04 1.61991782e-04 1.77877498e-04 1.96570934e-04 2.18337881e-04 2.43405234e-04 2.71948245e-04
 8.06946709e-05 8.09655838e-05 8.17770838e-05 8.31250620e-05 8.50014195e-05 8.73923821e-05 9.02765192e-05 9.36228241e-05 9.73892932e-05 1.01522488e-04 1.05958577e-04 1.10626344e-04 1.15452535e-04 1.20369817e-04 1.25327411e-04 1.30304174e-04 1.35323688e-04 1.40470501e-04 1.45906441e-04 1.51885589e-04 1.58766355e-04 1.67018990e-04 1.77226967e-04 1.90080911e-04 2.06364132e-04 2.26929445e-04 2.52667595e-04 2.84468388e-04 3.23176350e-04 3.69543417e-04 4.24181631e-04
 6.59390939e-05 6.62743362e-05 6.72948207e-05 6.90428771e-05 7.15826986e-05 7.49912471e-05 7.93464092e-05 8.47133282e-05 9.11301234e-05 9.85944865e-05 1.07052883e-04 1.16394240e-04 1.26450007e-04 1.37002339e-04 1.47801709e-04 1.58594658e-04 1.69161452e-04 1.79362334e-04 1.89189791e-04 1.98823016e-04 2.08679635e-04 2.19458953e-04 2.32170677e-04 2.48143366e-04 2.69007859e-04 2.96652653e-04 3.33150501e-04 3.80658254e-04 4.41294825e-04 5.17004883e-04 6.09418051e-04
 7.20485530e-05 7.17693284e-05 7.10005025e-05 6.99437875e-05 6.89193546e-05 6.83421551e-05 6.86895987e-05 7.04617189e-05 7.41356513e-05 8.01171227e-05 8.86926390e-05 9.99870379e-05 1.13931885e-04 1.30250626e-04 1.48466254e-04 1.67936327e-04 1.87918322e-04 2.07665573e-04 2.26550446e-04 2.44207344e-04 2.60683969e-04 2.76585634e-04 2.93194903e-04 3.12548105e-04 3.37451713e-04 3.71425503e-04 4.18565595e-04 4.83328551e-04 5.70246722e-04 6.83593989e-04 8.27028660e-04
 2.14654648e-04 2.12154164e-04 2.04829899e-04 1.93206066e-04 1.78131501e-04 1.60741154e-04 1.42400176e-04 1.24629624e-04 1.09013876e-04 9.70917520e-05 9.02359879e-05 8.95289299e-05 9.56457125e-05 1.08759223e-04 1.28483158e-04 1.53869735e-04 1.83476505e-04 2.15511727e-04 2.48059922e-04 2.79378902e-04 3.08247715e-04 3.34333153e-04 3.58532569e-04 3.83244741e-04 4.12520316e-04 4.52049954e-04 5.08962173e-04 5.91422860e-04 7.08052591e-04 8.67203033e-04 1.07615618e-03
 6.76118916e-04 6.68896609e-04 6.47553925e-04 6.13059045e-04 5.67008693e-04 5.11596814e-04 4.49559746e-04 3.84089141e-04 3.18704531e-04 2.57080251e-04 2.02826619e-04 1.59232746e-04 1.28987489e-04 1.13904867e-04 1.14689212e-04 1.30781433e-04 1.60329026e-04 2.00316985e-04 2.46883400e-04 2.95822354e-04 3.43249125e-04 3.86371986e-04 4.24285593e-04 4.58678609e-04 4.94338328e-04 5.39341940e-04 6.04849743e-04 7.04459068e-04 8.53134271e-04 1.06579035e-03 1.35566577e-03
 1.65784321e-03 1.64315137e-03 1.59951550e-03 1.52826603e-03 1.43165414e-03 1.31288754e-03 1.17615166e-03 1.02659098e-03 8.70222575e-04 7.13756176e-04 5.64302070e-04 4.28961261e-04 3.14310918e-04 2.25821168e-04 1.67263855e-04 1.40196044e-04 1.43615646e-04 1.73888213e-04 2.25028202e-04 2.89382512e-04 3.58709795e-04 4.25581329e-04 4.84957486e-04 5.35731055e-04 5.81988847e-04 6.33738804e-04 7.06889140e-04 8.22349426e-04 1.00424276e-03 1.27735659e-03 1.66409452e-03
 3.30439948e-03 3.28047226e-03 3.20908517e-03 3.09147058e-03 2.92983683e-03 2.72757272e-03 2.48948006e-03 2.22198298e-03 1.93325252e-03 1.63318082e-03 1.33314434e-03 1.04551152e-03 7.82880274e-04 5.57073756e-04 3.77975046e-04 2.52337339e-04 1.82753885e-04 1.67000204e-04 1.97956656e-04 2.64273241e-04 3.51847269e-04 4.46054537e-04 5.34522437e-04 6.10085269e-04 6.73449576e-04 7.35052085e-04 8.15637752e-04 9.45228435e-04 1.16038160e-03 1.49992034e-03 1.99960214e-03
 5.62767705e-03 5.59519481e-03 5.49777790e-03 5.33562541e-03 5.10942453e-03 4.82084739e-03 4.47317133e-03 4.07194308e-03 3.62558212e-03 3.14579821e-03 2.64768918e-03 2.14939458e-03 1.67121629e-03 1.23418255e-03 8.58124926e-04 5.59450586e-04 3.48906516e-04 2.29724020e-04 1.96572326e-04 2.35713760e-04 3.26623737e-04 4.45118497e-04 5.67746213e-04 6.76889899e-04 7.65767557e-04 8.42365056e-04 9.31357580e-04 1.07329457e-03 1.32072780e-03 1.73149404e-03 2.35992592e-03
 8.46266808e-03 8.42589362e-03 8.31478514e-03 8.12717281e-03 7.86005049e-03 7.51046060e-03 7.07666156e-03 6.55948498e-03 5.96374170e-03 5.29948307e-03 4.58288078e-03 3.83646832e-03 3.08850946e-03 2.37133645e-03 1.71864102e-03 1.16189647e-03 7.26315300e-04 4.26961917e-04 2.65788876e-04 2.30389610e-04 2.95115962e-04 4.24877960e-04 5.81453402e-04 7.31560818e-04 8.55408440e-04 9.54060929e-04 1.05389003e-03 1.20667120e-03 1.48455268e-03 1.97006133e-03 2.74234290e-03
 1.14764618e-02 1.14434836e-02 1.13424708e-02 1.11674406e-02 1.09092608e-02 1.05569172e-02 1.00992776e-02 9.52729207e-03 8.83648735e-03 8.02951277e-03 7.11838328e-03 6.12597921e-03 5.08632985e-03 4.04326724e-03 3.04721181e-03 2.15014680e-03 1.39922857e-03 8.29901428e-04 4.59744078e-04 2.84457776e-04 2.77310575e-04 3.92916735e-04 5.75468587e-04 7.70556047e-04 9.38701591e-04 1.06795656e-03 1.18259648e-03 1.34529131e-03 1.65114519e-03 2.21355687e-03 3.14364255e-03
 1.42330065e-02 1.42147577e-02 1.41563002e-02 1.40467642e-02 1.38689428e-02 1.36007521e-02 1.32174271e-02 1.26944985e-02 1.20114935e-02 1.11561224e-02 1.01285065e-02 8.94478861e-03 7.63931879e-03 6.26458744e-03 4.88824457e-03 3.58693666e-03 2.43729075e-03 1.50510404e-03 8.34507098e-04 4.39366058e-04 2.99270493e-04 3.61969752e-04 5.53036351e-04 7.91978983e-04 1.01229908e-03 1.18150887e-03 1.31635896e-03 1.48880943e-03 1.81974086e-03 2.45984971e-03 3.56011302e-03
 1.62961546e-02 1.63042661e-02 1.63232444e-02 1.63371907e-02 1.63202522e-02 1.62378457e-02 1.60488104e-02 1.57087665e-02 1.51748255e-02 1.44115415e-02 1.33976401e-02 1.21326615e-02 1.06422983e-02 8.98101151e-03 7.23058396e-03 5.49371380e-03 3.88258129e-03 2.50345767e-03 1.43966310e-03 7.36211410e-04 3.89947730e-04 3.48584570e-04 5.20630575e-04 7.95906184e-04 1.07357445e-03 1.29205750e-03 1.45363144e-03 1.63654281e-03 1.98945932e-03 2.70673157e-03 3.98754378e-03
 1.73401428e-02 1.73840851e-02 1.75093901e-02 1.76964076e-02 1.79122550e-02 1.81111086e-02 1.82354938e-02 1.82192227e-02 1.79924994e-02 1.74893802e-02 1.66572507e-02 1.54673273e-02 1.39245266e-02 1.20745348e-02 1.00057694e-02 7.84431797e-03 5.74098048e-03 3.85116463e-03 2.31034397e-03 1.20963067e-03 5.77170186e-04 3.70978580e-04 4.87177363e-04 7.84390298e-04 1.12090466e-03 1.39706821e-03 1.59252927e-03 1.78744274e-03 2.15925380e-03 2.95191090e-03 4.42124711e-03
 1.72344039e-02 1.73186386e-02 1.75647118e-02 1.79521878e-02 1.84454335e-02 1.89920577e-02 1.95221963e-02 1.99498226e-02 2.01771717e-02 2.01029817e-02 1.96345521e-02 1.87026546e-02 1.72772471e-02 1.53809716e-02 1.30968719e-02 1.05669595e-02 7.97941762e-03 5.54438167e-03 3.46110153e-03 1.88226177e-03 8.83462911e-04 4.46436147e-04 4.62818458e-04 7.61147033e-04 1.15380215e-03 1.49434593e-03 1.73094245e-03 1.94009469e-03 2.32787536e-03 3.19301416e-03 4.85610007e-03
 1.60783502e-02 1.62002561e-02 1.65608431e-02 1.71434893e-02 1.79167349e-02 1.88298083e-02 1.98085447e-02 2.07535437e-02 2.15424223e-02 2.20376286e-02 2.21004171e-02 2.16102857e-02 2.04875770e-02 1.87153481e-02 1.63554612e-02 1.35536169e-02 1.05291764e-02 7.54826613e-03 4.88257030e-03 2.76064959e-03 1.32236460e-03 5.88658201e-04 4.57416730e-04 7.30987824e-04 1.17289062e-03 1.58219451e-03 1.86665844e-03 2.09274526e-03 2.49385448e-03 3.42759511e-03 5.28660799e-03
 1.41775423e-02 1.43266994e-02 1.47725603e-02 1.55081568e-02 1.65152042e-02 1.77556420e-02 1.91627558e-02 2.06344970e-02 2.20317991e-02 2.31843557e-02 2.39053601e-02 2.40150691e-02 2.33708769e-02 2.18992217e-02 1.96226486e-02 1.66744502e-02 1.32941664e-02 9.80025301e-03 6.54127433e-03 3.83315817e-03 1.89578286e-03 8.05470126e-04 4.79042240e-04 6.99099221e-04 1.17974274e-03 1.65950977e-03 1.99748096e-03 2.24335183e-03 2.65550146e-03 3.65315279e-03 5.70698919e-03
 1.19696796e-02 1.21287567e-02 1.26100966e-02 1.34227938e-02 1.45717947e-02 1.60445068e-02 1.77958031e-02 1.97348631e-02 2.17177121e-02 2.35491328e-02 2.49966326e-02 2.58172245e-02 2.57950039e-02 2.47842484e-02 2.27497286e-02 1.97940546e-02 1.61622058e-02 1.22166147e-02 8.38234537e-03 5.07007257e-03 2.59273386e-03 1.09722146e-03 5.32673478e-04 6.70290403e-04 1.17661752e-03 1.72580274e-03 2.12133391e-03 2.38965053e-03 2.81092655e-03 3.86715863e-03 6.11127987e-03
 9.92181053e-03 1.00689203e-02 1.05221707e-02 1.13128727e-02 1.24790200e-02 1.40462665e-02 1.60057697e-02 1.82931652e-02 2.07736478e-02 2.32381908e-02 2.54150134e-02 2.69982717e-02 2.76925992e-02 2.72679105e-02 2.56146307e-02 2.27864316e-02 1.90170437e-02 1.47008872e-02 1.03344619e-02 6.42571503e-03 3.38958063e-03 1.45609264e-03 6.19307858e-04 6.48329850e-04 1.16614700e-03 1.78115919e-03 2.23634231e-03 2.52923692e-03 2.95807918e-03 4.06709233e-03 6.49345661e-03
 8.42587779e-03 8.53793781e-03 8.89555931e-03 9.55733858e-03 1.06025617e-02 1.21061759e-02 1.41088386e-02 1.65870632e-02 1.94295430e-02 2.24261043e-02 2.52749960e-02 2.76119798e-02 2.90608227e-02 2.92996231e-02 2.81318258e-02 2.55462788e-02 2.17490574e-02 1.71526392e-02 1.23160646e-02 7.84212726e-03 4.25166555e-03 1.86638507e-03 7.35608145e-04 6.35472391e-04 1.15102416e-03 1.82614827e-03 2.34088600e-03 2.65965408e-03 3.09480448e-03 4.25048587e-03 6.84757298e-03
 7.71769263e-03 7.77414392e-03 7.97554749e-03 8.41107031e-03 9.20681470e-03 1.04947750e-02 1.23749328e-02 1.48761626e-02 1.79230526e-02 2.13164940e-02 2.47354142e-02 2.77647864e-02 2.99507666e-02 3.08777265e-02 3.02550244e-02 2.79953037e-02 2.42631562e-02 1.94752696e-02 1.42418716e-02 9.25372155e-03 5.13606295e-03 2.30573561e-03 8.74130010e-04 6.32243105e-04 1.13373769e-03 1.86169764e-03 2.43362547e-03 2.77848278e-03 3.21891429e-03 4.41497398e-03 7.16790562e-03
 7.83643599e-03 7.82263693e-03 7.82421029e-03 7.96192360e-03 8.41069563e-03 9.36288261e-03 1.09827494e-02 1.33583211e-02 1.64586133e-02 2.01053993e-02 2.39685239e-02 2.75916204e-02 3.04505000e-02 3.20395803e-02 3.19734986e-02 3.00834251e-02 2.64832019e-02 2.15819481e-02 1.60288690e-02 1.05922820e-02 5.99507584e-03 2.74708552e-03 1.02409370e-03 6.37501220e-04 1.11638579e-03 1.88895279e-03 2.51350204e-03 2.88342909e-03 3.32826834e-03 4.55834922e-03 7.44910427e-03
 8.63078226e-03 8.54050214e-03 8.32302773e-03 8.12930100e-03 8.18116074e-03 8.72961093e-03 1.00024453e-02 1.21478132e-02 1.51824599e-02 1.89549393e-02 2.31343023e-02 2.72327697e-02 3.06661024e-02 3.28477982e-02 3.33038471e-02 3.17856661e-02 2.83530132e-02 2.33993245e-02 1.76012238e-02 1.17917805e-02 6.78006992e-03 3.16115797e-03 1.17259164e-03 6.48762520e-04 1.10058349e-03 1.90913711e-03 2.57971768e-03 2.97240546e-03 3.42086078e-03 4.67861892e-03 7.68633959e-03
 9.80682043e-03 9.64345265e-03 9.21577543e-03 8.70109149e-03 8.36243165e-03 8.50270128e-03 9.40660930e-03 1.12772329e-02 1.41765143e-02 1.79809121e-02 2.23639734e-02 2.68157798e-02 3.07043061e-02 3.33756106e-02 3.42794017e-02 3.30961261e-02 2.98346139e-02 2.48691103e-02 1.88938786e-02 1.27926196e-02 7.44526589e-03 3.51916262e-03 1.30607165e-03 6.62719561e-04 1.08745919e-03 1.92342496e-03 2.63170073e-03 3.04360252e-03 3.49490646e-03 4.77406095e-03 7.87544246e-03
 1.10044737e-02 1.07808213e-02 1.01793103e-02 9.39770347e-03 8.73111683e-03 8.52311376e-03 9.10337413e-03 1.07189586e-02 1.34688567e-02 1.72537203e-02 2.17535021e-02 2.64440769e-02 3.06589496e-02 3.36936530e-02 3.49393303e-02 3.40206094e-02 3.09047330e-02 2.59479969e-02 1.98548658e-02 1.35450837e-02 7.95117779e-03 3.79544500e-03 1.41190753e-03 6.75870777e-04 1.07772055e-03 1.93283596e-03 2.66906505e-03 3.09554933e-03 3.54892130e-03 4.84327514e-03 8.01302835e-03
 1.18843867e-02 1.16210947e-02 1.09051035e-02 9.94712674e-03 9.06263679e-03 8.62108762e-03 8.98095418e-03 1.04176967e-02 1.30545693e-02 1.68085864e-02 2.13649614e-02 2.61918075e-02 3.06018927e-02 3.38595168e-02 3.53190147e-02 3.45693759e-02 3.15506687e-02 2.66065720e-02 2.04465799e-02 1.40119280e-02 8.26746747e-03 3.96982675e-03 1.47986456e-03 6.85155752e-04 1.07175841e-03 1.93815391e-03 2.69156960e-03 3.12716099e-03 3.58179141e-03 4.88522725e-03 8.09660101e-03
 1.22065112e-02 1.19294034e-02 1.11734829e-02 1.01538949e-02 9.19308530e-03 8.66939372e-03 8.95120407e-03 1.03237892e-02 1.29188441e-02 1.66591599e-02 2.12319547e-02 2.61028939e-02 3.05778329e-02 3.39105108e-02 3.54427113e-02 3.47511767e-02 3.17665330e-02 2.68279296e-02 2.06463415e-02 1.41701363e-02 8.37506484e-03 4.02942889e-03 1.50328618e-03 6.88495822e-04 1.06975409e-03 1.93987073e-03 2.69908467e-03 3.13777282e-03 3.59282612e-03 4.89928260e-03 8.12463039e-03
 1.18843867e-02 1.16210947e-02 1.09051035e-02 9.94712674e-03 9.06263679e-03 8.62108762e-03 8.98095418e-03 1.04176967e-02 1.30545693e-02 1.68085864e-02 2.13649614e-02 2.61918075e-02 3.06018927e-02 3.38595168e-02 3.53190147e-02 3.45693759e-02 3.15506687e-02 2.66065720e-02 2.04465799e-02 1.40119280e-02 8.26746747e-03 3.96982675e-03 1.47986456e-03 6.85155752e-04 1.07175841e-03 1.93815391e-03 2.69156960e-03 3.12716099e-03 3.58179141e-03 4.88522725e-03 8.09660101e-03
 1.10044737e-02 1.07808213e-02 1.01793103e-02 9.39770347e-03 8.73111683e-03 8.52311376e-03 9.10337413e-03 1.07189586e-02 1.34688567e-02 1.72537203e-02 2.17535021e-02 2.64440769e-02 3.06589496e-02 3.36936530e-02 3.49393303e-02 3.40206094e-02 3.09047330e-02 2.59479969e-02 1.98548658e-02 1.35450837e-02 7.95117779e-03 3.79544500e-03 1.41190753e-03 6.75870777e-04 1.07772055e-03 1.93283596e-03 2.66906505e-03 3.09554933e-03 3.54892130e-03 4.84327514e-03 8.01302835e-03
 9.80682043e-03 9.64345265e-03 9.21577543e-03 8.70109149e-03 8.36243165e-03 8.50270128e-03 9.40660930e-03 1.12772329e-02 1.41765143e-02 1.79809121e-02 2.23639734e-02 2.68157798e-02 3.07043061e-02 3.33756106e-02 3.42794017e-02 3.30961261e-02 2.98346139e-02 2.48691103e-02 1.88938786e-02 1.27926196e-02 7.44526589e-03 3.51916262e-03 1.30607165e-03 6.62719561e-04 1.08745919e-03 1.92342496e-03 2.63170073e-03 3.04360252e-03 3.49490646e-03 4.77406095e-03 7.87544246e-03
 8.63078226e-03 8.54050214e-03 8.32302773e-03 8.12930100e-03 8.18116074e-03 8.72961093e-03 1.00024453e-02 1.21478132e-02 1.51824599e-02 1.89549393e-02 2.31343023e-02 2.72327697e-02 3.06661024e-02 3.28477982e-02 3.33038471e-02 3.17856661e-02 2.83530132e-02 2.33993245e-02 1.76012238e-02 1.17917805e-02 6.78006992e-03 3.16115797e-03 1.17259164e-03 6.48762520e-04 1.10058349e-03 1.90913711e-03 2.57971768e-03 2.97240546e-03 3.42086078e-03 4.67861892e-03 7.68633959e-03
 7.83643599e-03 7.82263693e-03 7.82421029e-03 7.96192360e-03 8.41069563e-03 9.36288261e-03 1.09827494e-02 1.33583211e-02 1.64586133e-02 2.01053993e-02 2.39685239e-02 2.75916204e-02 3.04505000e-02 3.20395803e-02 3.19734986e-02 3.00834251e-02 2.64832019e-02 2.15819481e-02 1.60288690e-02 1.05922820e-02 5.99507584e-03 2.74708552e-03 1.02409370e-03 6.37501220e-04 1.11638579e-03 1.88895279e-03 2.51350204e-03 2.88342909e-03 3.32826834e-03 4.55834922e-03 7.44910427e-03
 7.71769263e-03 7.77414392e-03 7.97554749e-03 8.41107031e-03 9.20681470e-03 1.04947750e-02 1.23749328e-02 1.48761626e-02 1.79230526e-02 2.13164940e-02 2.47354142e-02 2.77647864e-02 2.99507666e-02 3.08777265e-02 3.02550244e-02 2.79953037e-02 2.42631562e-02 1.94752696e-02 1.42418716e-02 9.25372155e-03 5.13606295e-03 2.30573561e-03 8.74130010e-04 6.32243105e-04 1.13373769e-03 1.86169764e-03 2.43362547e-03 2.77848278e-03 3.21891429e-03 4.41497398e-03 7.16790562e-03
 8.42587779e-03 8.53793781e-03 8.89555931e-03 9.55733858e-03 1.06025617e-02 1.21061759e-02 1.41088386e-02 1.65870632e-02 1.94295430e-02 2.24261043e-02 2.52749960e-02 2.76119798e-02 2.90608227e-02 2.92996231e-02 2.81318258e-02 2.55462788e-02 2.17490574e-02 1.71526392e-02 1.23160646e-02 7.84212726e-03 4.25166555e-03 1.86638507e-03 7.35608145e-04 6.35472391e-04 1.15102416e-03 1.82614827e-03 2.34088600e-03 2.65965408e-03 3.09480448e-03 4.25048587e-03 6.84757298e-03
 9.92181053e-03 1.00689203e-02 1.05221707e-02 1.13128727e-02 1.24790200e-02 1.40462665e-02 1.60057697e-02 1.82931652e-02 2.07736478e-02 2.32381908e-02 2.54150134e-02 2.69982717e-02 2.76925992e-02 2.72679105e-02 2.56146307e-02 2.27864316e-02 1.90170437e-02 1.47008872e-02 1.03344619e-02 6.42571503e-03 3.38958063e-03 1.45609264e-03 6.19307858e-04 6.48329850e-04 1.16614700e-03 1.78115919e-03 2.23634231e-03 2.52923692e-03 2.95807918e-03 4.06709233e-03 6.49345661e-03
 1.19696796e-02 1.21287567e-02 1.26100966e-02 1.34227938e-02 1.45717947e-02 1.60445068e-02 1.77958031e-02 1.97348631e-02 2.17177121e-02 2.35491328e-02 2.49966326e-02 2.58172245e-02 2.57950039e-02 2.47842484e-02 2.27497286e-02 1.97940546e-02 1.61622058e-02 1.22166147e-02 8.38234537e-03 5.07007257e-03 2.59273386e-03 1.09722146e-03 5.32673478e-04 6.70290403e-04 1.17661752e-03 1.72580274e-03 2.12133391e-03 2.38965053e-03 2.81092655e-03 3.86715863e-03 6.11127987e-03
 1.41775423e-02 1.43266994e-02 1.47725603e-02 1.55081568e-02 1.65152042e-02 1.77556420e-02 1.91627558e-02 2.06344970e-02 2.20317991e-02 2.31843557e-02 2.39053601e-02 2.40150691e-02 2.33708769e-02 2.18992217e-02 1.96226486e-02 1.66744502e-02 1.32941664e-02 9.80025301e-03 6.54127433e-03 3.83315817e-03 1.89578286e-03 8.05470126e-04 4.79042240e-04 6.99099221e-04 1.17974274e-03 1.65950977e-03 1.99748096e-03 2.24335183e-03 2.65550146e-03 3.65315279e-03 5.70698919e-03
 1.60783502e-02 1.62002561e-02 1.65608431e-02 1.71434893e-02 1.79167349e-02 1.88298083e-02 1.98085447e-02 2.07535437e-02 2.15424223e-02 2.20376286e-02 2.21004171e-02 2.16102857e-02 2.04875770e-02 1.87153481e-02 1.63554612e-02 1.35536169e-02 1.05291764e-02 7.54826613e-03 4.88257030e-03 2.76064959e-03 1.32236460e-03 5.88658201e-04 4.57416730e-04 7.30987824e-04 1.17289062e-03 1.58219451e-03 1.86665844e-03 2.09274526e-03 2.49385448e-03 3.42759511e-03 5.28660799e-03
 1.72344039e-02 1.73186386e-02 1.75647118e-02 1.79521878e-02 1.84454335e-02 1.89920577e-02 1.95221963e-02 1.99498226e-02 2.01771717e-02 2.01029817e-02 1.96345521e-02 1.87026546e-02 1.72772471e-02 1.53809716e-02 1.30968719e-02 1.05669595e-02 7.97941762e-03 5.54438167e-03 3.46110153e-03 1.88226177e-03 8.83462911e-04 4.46436147e-04 4.62818458e-04 7.61147033e-04 1.15380215e-03 1.49434593e-03 1.73094245e-03 1.94009469e-03 2.32787536e-03 3.19301416e-03 4.85610007e-03
 1.73401428e-02 1.73840851e-02 1.75093901e-02 1.76964076e-02 1.79122550e-02 1.81111086e-02 1.82354938e-02 1.82192227e-02 1.79924994e-02 1.74893802e-02 1.66572507e-02 1.54673273e-02 1.39245266e-02 1.20745348e-02 1.00057694e-02 7.84431797e-03 5.74098048e-03 3.85116463e-03 2.31034397e-03 1.20963067e-03 5.77170186e-04 3.70978580e-04 4.87177363e-04 7.84390298e-04 1.12090466e-03 1.39706821e-03 1.59252927e-03 1.78744274e-03 2.15925380e-03 2.95191090e-03 4.42124711e-03
 1.62961546e-02 1.63042661e-02 1.63232444e-02 1.63371907e-02 1.63202522e-02 1.62378457e-02 1.60488104e-02 1.57087665e-02 1.51748255e-02 1.44115415e-02 1.33976401e-02 1.21326615e-02 1.06422983e-02 8.98101151e-03 7.23058396e-03 5.49371380e-03 3.88258129e-03 2.50345767e-03 1.43966310e-03 7.36211410e-04 3.89947730e-04 3.48584570e-04 5.20630575e-04 7.95906184e-04 1.07357445e-03 1.29205750e-03 1.45363144e-03 1.63654281e-03 1.98945932e-03 2.70673157e-03 3.98754378e-03
 1.42330065e-02 1.42147577e-02 1.41563002e-02 1.40467642e-02 1.38689428e-02 1.36007521e-02 1.32174271e-02 1.26944985e-02 1.20114935e-02 1.11561224e-02 1.01285065e-02 8.94478861e-03 7.63931879e-03 6.26458744e-03 4.88824457e-03 3.58693666e-03 2.43729075e-03 1.50510404e-03 8.34507098e-04 4.39366058e-04 2.99270493e-04 3.61969752e-04 5.53036351e-04 7.91978983e-04 1.01229908e-03 1.18150887e-03 1.31635896e-03 1.48880943e-03 1.81974086e-03 2.45984971e-03 3.56011302e-03
 1.14764618e-02 1.14434836e-02 1.13424708e-02 1.11674406e-02 1.09092608e-02 1.05569172e-02 1.00992776e-02 9.52729207e-03 8.83648735e-03 8.02951277e-03 7.11838328e-03 6.12597921e-03 5.08632985e-03 4.04326724e-03 3.04721181e-03 2.15014680e-03 1.39922857e-03 8.29901428e-04 4.59744078e-04 2.84457776e-04 2.77310575e-04 3.92916735e-04 5.75468587e-04 7.70556047e-04 9.38701591e-04 1.06795656e-03 1.18259648e-03 1.34529131e-03 1.65114519e-03 2.21355687e-03 3.14364255e-03
 8.46266808e-03 8.42589362e-03 8.31478514e-03 8.12717281e-03 7.86005049e-03 7.51046060e-03 7.07666156e-03 6.55948498e-03 5.96374170e-03 5.29948307e-03 4.58288078e-03 3.83646832e-03 3.08850946e-03 2.37133645e-03 1.71864102e-03 1.16189647e-03 7.26315300e-04 4.26961917e-04 2.65788876e-04 2.30389610e-04 2.95115962e-04 4.24877960e-04 5.81453402e-04 7.31560818e-04 8.55408440e-04 9.54060929e-04 1.05389003e-03 1.20667120e-03 1.48455268e-03 1.97006133e-03 2.74234290e-03
 5.62767705e-03 5.59519481e-03 5.49777790e-03 5.33562541e-03 5.10942453e-03 4.82084739e-03 4.47317133e-03 4.07194308e-03 3.62558212e-03 3.14579821e-03 2.64768918e-03 2.14939458e-03 1.67121629e-03 1.23418255e-03 8.58124926e-04 5.59450586e-04 3.48906516e-04 2.29724020e-04 1.96572326e-04 2.35713760e-04 3.26623737e-04 4.45118497e-04 5.67746213e-04 6.76889899e-04 7.65767557e-04 8.42365056e-04 9.31357580e-04 1.07329457e-03 1.32072780e-03 1.73149404e-03 2.35992592e-03
 3.30439948e-03 3.28047226e-03 3.20908517e-03 3.09147058e-03 2.92983683e-03 2.72757272e-03 2.48948006e-03 2.22198298e-03 1.93325252e-03 1.63318082e-03 1.33314434e-03 1.04551152e-03 7.82880274e-04 5.57073756e-04 3.77975046e-04 2.52337339e-04 1.82753885e-04 1.67000204e-04 1.97956656e-04 2.64273241e-04 3.51847269e-04 4.46054537e-04 5.34522437e-04 6.10085269e-04 6.73449576e-04 7.35052085e-04 8.15637752e-04 9.45228435e-04 1.16038160e-03 1.49992034e-03 1.99960214e-03
 1.65784321e-03 1.64315137e-03 1.59951550e-03 1.52826603e-03 1.43165414e-03 1.31288754e-03 1.17615166e-03 1.02659098e-03 8.70222575e-04 7.13756176e-04 5.64302070e-04 4.28961261e-04 3.14310918e-04 2.25821168e-04 1.67263855e-04 1.40196044e-04 1.43615646e-04 1.73888213e-04 2.25028202e-04 2.89382512e-04 3.58709795e-04 4.25581329e-04 4.84957486e-04 5.35731055e-04 5.81988847e-04 6.33738804e-04 7.06889140e-04 8.22349426e-04 1.00424276e-03 1.27735659e-03 1.66409452e-03
 6.76118916e-04 6.68896609e-04 6.47553925e-04 6.13059045e-04 5.67008693e-04 5.11596814e-04 4.49559746e-04 3.84089141e-04 3.18704531e-04 2.57080251e-04 2.02826619e-04 1.59232746e-04 1.28987489e-04 1.13904867e-04 1.14689212e-04 1.30781433e-04 1.60329026e-04 2.00316985e-04 2.46883400e-04 2.95822354e-04 3.43249125e-04 3.86371986e-04 4.24285593e-04 4.58678609e-04 4.94338328e-04 5.39341940e-04 6.04849743e-04 7.04459068e-04 8.53134271e-04 1.06579035e-03 1.35566577e-03
 2.14654648e-04 2.12154164e-04 2.04829899e-04 1.93206066e-04 1.78131501e-04 1.60741154e-04 1.42400176e-04 1.24629624e-04 1.09013876e-04 9.70917520e-05 9.02359879e-05 8.95289299e-05 9.56457125e-05 1.08759223e-04 1.28483158e-04 1.53869735e-04 1.83476505e-04 2.15511727e-04 2.48059922e-04 2.79378902e-04 3.08247715e-04 3.34333153e-04 3.58532569e-04 3.83244741e-04 4.12520316e-04 4.52049954e-04 5.08962173e-04 5.91422860e-04 7.08052591e-04 8.67203033e-04 1.07615618e-03
 7.20485530e-05 7.17693284e-05 7.10005025e-05 6.99437875e-05 6.89193546e-05 6.83421551e-05 6.86895987e-05 7.04617189e-05 7.41356513e-05 8.01171227e-05 8.86926390e-05 9.99870379e-05 1.13931885e-04 1.30250626e-04 1.48466254e-04 1.67936327e-04 1.87918322e-04 2.07665573e-04 2.26550446e-04 2.44207344e-04 2.60683969e-04 2.76585634e-04 2.93194903e-04 3.12548105e-04 3.37451713e-04 3.71425503e-04 4.18565595e-04 4.83328551e-04 5.70246722e-04 6.83593989e-04 8.27028660e-04
 6.59390939e-05 6.62743362e-05 6.72948207e-05 6.90428771e-05 7.15826986e-05 7.49912471e-05 7.93464092e-05 8.47133282e-05 9.11301234e-05 9.85944865e-05 1.07052883e-04 1.16394240e-04 1.26450007e-04 1.37002339e-04 1.47801709e-04 1.58594658e-04 1.69161452e-04 1.79362334e-04 1.89189791e-04 1.98823016e-04 2.08679635e-04 2.19458953e-04 2.32170677e-04 2.48143366e-04 2.69007859e-04 2.96652653e-04 3.33150501e-04 3.80658254e-04 4.41294825e-04 5.17004883e-04 6.09418051e-04
 8.06946709e-05 8.09655838e-05 8.17770838e-05 8.31250620e-05 8.50014195e-05 8.73923821e-05 9.02765192e-05 9.36228241e-05 9.73892932e-05 1.01522488e-04 1.05958577e-04 1.10626344e-04 1.15452535e-04 1.20369817e-04 1.25327411e-04 1.30304174e-04 1.35323688e-04 1.40470501e-04 1.45906441e-04 1.51885589e-04 1.58766355e-04 1.67018990e-04 1.77226967e-04 1.90080911e-04 2.06364132e-04 2.26929445e-04 2.52667595e-04 2.84468388e-04 3.23176350e-04 3.69543417e-04 4.24181631e-04
 7.42219418e-05 7.43327058e-05 7.46634435e-05 7.52095320e-05 7.59634113e-05 7.69148422e-05 7.80513434e-05 7.93588770e-05 8.08228572e-05 8.24295555e-05 8.41679663e-05 8.60321712e-05 8.80242073e-05 9.01574000e-05 9.24600685e-05 9.49794504e-05 9.77856334e-05 1.00975228e-04 1.04674464e-04 1.09041376e-04 1.14266719e-04 1.20573305e-04 1.28213486e-04 1.37464592e-04 1.48622269e-04 1.61991782e-04 1.77877498e-04 1.96570934e-04 2.18337881e-04 2.43405234e-04 2.71948245e-04
 5.15830168e-05 5.16227724e-05 5.17421225e-05 5.19413575e-05 5.22210970e-05 5.25824936e-05 5.30275199e-05 5.35593382e-05 5.41827505e-05 5.49047243e-05 5.57349853e-05 5.66866607e-05 5.77769543e-05 5.90278244e-05 6.04666293e-05 6.21267005e-05 6.40477958e-05 6.62763832e-05 6.88657038e-05 7.18755675e-05 7.53718374e-05 7.94255720e-05 8.41118079e-05 8.95079797e-05 9.56919990e-05 1.02740030e-04 1.10724028e-04 1.19709111e-04 1.29750886e-04 1.40892810e-04 1.53163734e-04
 2.84917542e-05 2.85135359e-05 2.85791331e-05 2.86893059e-05 2.88453378e-05 2.90490578e-05 2.93028719e-05 2.96097998e-05 2.99735158e-05 3.03983910e-05 3.08895346e-05 3.14528298e-05 3.20949608e-05 3.28234279e-05 3.36465449e-05 3.45734159e-05 3.56138867e-05 3.67784679e-05 3.80782259e-05 3.95246408e-05 4.11294289e-05 4.29043324e-05 4.48608746e-05 4.70100881e-05 4.93622178e-05 5.19264065e-05 5.47103721e-05 5.77200833e-05 6.09594456e-05 6.44300077e-05 6.81306985e-05
 1.02811596e-05 1.02875476e-05 1.03067350e-05 1.03387914e-05 1.03838326e-05 1.04420186e-05 1.05135524e-05 1.05986780e-05 1.06976771e-05 1.08108659e-05 1.09385913e-05 1.10812254e-05 1.12391608e-05 1.14128033e-05 1.16025654e-05 1.18088578e-05 1.20320806e-05 1.22726138e-05 1.25308065e-05 1.28069663e-05 1.31013473e-05 1.34141383e-05 1.37454502e-05 1.40953042e-05 1.44636196e-05 1.48502017e-05 1.52547310e-05 1.56767533e-05 1.61156702e-05 1.65707321e-05 1.70410315e-05
 0.00000000e+00 0.00000000e+00 0.00000000e+00 0.00000000e+00 0.00000000e+00 0.00000000e+00 0.00000000e+00 0.00000000e+00 0.00000000e+00 0.00000000e+00 0.00000000e+00 0.00000000e+00 0.00000000e+00 0.00000000e+00 0.00000000e+00 0.00000000e+00 0.00000000e+00 0.00000000e+00 0.00000000e+00 0.00000000e+00 0.00000000e+00 0.00000000e+00 0.00000000e+00 0.00000000e+00 0.00000000e+00 0.00000000e+00 0.00000000e+00 0.00000000e+00 0.00000000e+00 0.00000000e+00 0.00000000e+00
