 1.21000000e+02 3.10000000e+01
 0.00000000e+00 0.00000000e+00 0.00000000e+00 0.00000000e+00 0.00000000e+00 0.00000000e+00 0.00000000e+00 0.00000000e+00 0.00000000e+00 0.00000000e+00 0.00000000e+00 0.00000000e+00 0.00000000e+00 0.00000000e+00 0.00000000e+00 0.00000000e+00 0.00000000e+00 0.00000000e+00 0.00000000e+00 0.00000000e+00 0.00000000e+00 0.00000000e+00 0.00000000e+00 0.00000000e+00 0.00000000e+00 0.00000000e+00 0.00000000e+00 0.00000000e+00 0.00000000e+00 0.00000000e+00 0.00000000e+00
 1.25081547e-05 1.25215767e-05 1.25618139e-05 1.26287786e-05 1.27223227e-05 1.28422344e-05 1.29882342e-05 1.31599703e-05 1.33570124e-05 1.35788462e-05 1.38248675e-05 1.40943758e-05 1.43865698e-05 1.47005426e-05 1.50352785e-05 1.53896513e-05 1.57624241e-05 1.61522509e-05 1.65576805e-05 1.69771624e-05 1.74090542e-05 1.78516325e-05 1.83031039e-05 1.87616197e-05 1.92252906e-05 1.96922034e-05 2.01604390e-05 2.06280901e-05 2.10932798e-05 2.15541795e-05 2.20090270e-05
 1.52083884e-05 1.52847249e-05 1.55144192e-05 1.58994932e-05 1.64432095e-05 1.71499127e-05 1.80248144e-05 1.90737248e-05 2.03027409e-05 2.17178986e-05 2.33247991e-05 2.51282217e-05 2.71317353e-05 2.93373213e-05 3.17450231e-05 3.43526334e-05 3.71554351e-05 4.01460044e-05 4.33140891e-05 4.66465680e-05 5.01274967e-05 5.37382425e-05 5.74577072e-05 6.12626311e-05 6.51279728e-05 6.90273518e-05 7.29335400e-05 7.68189868e-05 8.06563607e-05 8.44190874e-05 8.80818694e-05
 2.74206270e-08 3.19511253e-08 5.33009797e-08 1.14535851e-07 2.53400865e-07 5.21276088e-07 9.81719838e-07 1.70860936e-06 2.78389626e-06 4.29500503e-06 6.33191694e-06 8.98399782e-06 1.23366464e-05 1.64678583e-05 2.14448163e-05 2.73206343e-05 3.41313887e-05 4.18935741e-05 5.06021169e-05 6.02290661e-05 7.07230553e-05 8.20096049e-05 9.39922921e-05 1.06554775e-04 1.19563617e-04 1.32871804e-04 1.46322828e-04 1.59755156e-04 1.73006886e-04 1.85920413e-04 1.98346866e-04
 7.02363430e-05 6.94315464e-05 6.70477495e-05 6.31763505e-05 5.79683729e-05 5.16323836e-05 4.44313435e-05 3.66781971e-05 2.87299905e-05 2.09803352e-05 1.38500888e-05 7.77621544e-06 3.19891084e-06 5.47223961e-07 2.23565053e-07 2.58765225e-06 7.94059259e-06 1.65099059e-05 2.84363646e-05 4.37635245e-05 6.24307547e-05 8.42704320e-05 1.09009759e-04 1.36277392e-04 1.65614776e-04 1.96491749e-04 2.28325696e-04 2.60503268e-04 2.92403499e-04 3.23421035e-04 3.52988220e-04
 4.48715078e-04 4.45611122e-04 4.36363824e-04 4.21167812e-04 4.00350311e-04 3.74374646e-04 3.43843690e-04 3.09501893e-04 2.72234341e-04 2.33061178e-04 1.93125824e-04 1.53675634e-04 1.16034106e-04 8.15643324e-05 5.16241524e-05 2.75143255e-05 1.04219241e-05 1.36196589e-06 1.12096927e-06 1.02065142e-05 2.88069548e-05 5.67650962e-05 9.35689131e-05 1.38361277e-04 1.89969264e-04 2.46952067e-04 3.07664960e-04 3.70335402e-04 4.33146265e-04 4.94320560e-04 5.52201941e-04
 1.38835110e-03 1.38140083e-03 1.36061129e-03 1.32617343e-03 1.27842886e-03 1.21790257e-03 1.14534432e-03 1.06177425e-03 9.68527290e-04 8.67290131e-04 7.60124091e-04 6.49467231e-04 5.38109856e-04 4.29138987e-04 3.25849571e-04 2.31623144e-04 1.49778019e-04 8.33986376e-05 3.51551036e-05 7.12655740e-06 6.43644654e-07 1.61653846e-05 5.32041325e-05 1.10309000e-04 1.85113300e-04 2.74445775e-04 3.74499225e-04 4.81044365e-04 5.89672131e-04 6.96044751e-04 7.96135168e-04
 3.00287094e-03 2.99218248e-03 2.96003245e-03 2.90618890e-03 2.83033737e-03 2.73218571e-03 2.61160317e-03 2.46878596e-03 2.30443749e-03 2.11994897e-03 1.91756234e-03 1.70049581e-03 1.47301117e-03 1.24040365e-03 1.00889888e-03 7.85448428e-04 5.77424628e-04 3.92226572e-04 2.36821279e-04 1.17254946e-04 3.81778556e-05 2.43073176e-06 1.07391594e-05 6.15553778e-05 1.51073725e-04 2.73428506e-04 4.21063199e-04 5.85240426e-04 7.56645698e-04 9.26027178e-04 1.08481008e-03
 5.09829641e-03 5.08769798e-03 5.05541102e-03 5.00000233e-03 4.91922292e-03 4.81021804e-03 4.66982027e-03 4.49492052e-03 4.28290504e-03 4.03213716e-03 3.74245180e-03 3.41561945e-03 3.05572747e-03 2.66942137e-03 2.26595092e-03 1.85697570e-03 1.45610397e-03 1.07816622e-03 7.38257921e-04 4.50621006e-04 2.27464809e-04 7.78492859e-05 6.76070894e-06 1.44998500e-05 9.64739999e-05 2.43439788e-04 4.42189338e-04 6.76615845e-04 9.29045155e-04 1.18168550e-03 1.41803409e-03
 7.11538564e-03 7.11334873e-03 7.10606714e-03 7.09007433e-03 7.05975275e-03 7.00759497e-03 6.92460550e-03 6.80086707e-03 6.62628521e-03 6.39150554e-03 6.08897005e-03 5.71404529e-03 5.26612054e-03 4.74954494e-03 4.17425650e-03 3.55595841e-03 2.91572574e-03 2.27897849e-03 1.67383281e-03 1.12893167e-03 6.70946909e-04 3.22019954e-04 9.74522493e-05 3.95652093e-06 3.87297673e-05 1.89512230e-04 4.35665998e-04 7.50163282e-04 1.10224257e-03 1.46039475e-03 1.79529873e-03
 8.26766943e-03 8.28535606e-03 8.33656162e-03 8.41571130e-03 8.51349627e-03 8.61692137e-03 8.70950773e-03 8.77175947e-03 8.78199727e-03 8.71763147e-03 8.55689188e-03 8.28095426e-03 7.87631268e-03 7.33715608e-03 6.66743238e-03 5.88224532e-03 5.00824277e-03 4.08273371e-03 3.15141386e-03 2.26477456e-03 1.47348896e-03 8.23276204e-04 3.49894213e-04 7.49677904e-05 3.29605023e-06 1.22100377e-04 4.02395045e-04 8.02334659e-04 1.27207708e-03 1.75945980e-03 2.21567042e-03
 7.88277177e-03 7.92816950e-03 8.06251300e-03 8.28005033e-03 8.57056977e-03 8.91863447e-03 9.30283793e-03 9.69536415e-03 1.00621541e-02 1.03639509e-02 1.05584098e-02 1.06033209e-02 1.04607998e-02 1.01020911e-02 9.51241906e-03 8.69515925e-03 7.67454388e-03 6.49617858e-03 5.22487069e-03 3.93963166e-03 2.72617756e-03 1.66773250e-03 8.35343935e-04 2.79145385e-04 2.19801361e-05 5.65010143e-05 3.46323660e-04 8.31128661e-04 1.43491890e-03 2.07608934e-03 2.67767709e-03
 5.85962286e-03 5.92823017e-03 6.13403528e-03 6.47638385e-03 6.95226370e-03 7.55373728e-03 8.26495903e-03 9.05934154e-03 9.89751671e-03 1.07267452e-02 1.14823370e-02 1.20914395e-02 1.24792278e-02 1.25771152e-02 1.23321424e-02 1.17162829e-02 1.07341169e-02 9.42727355e-03 7.87430177e-03 6.18520776e-03 4.49075561e-03 2.92761233e-03 1.62134365e-03 6.69905339e-04 1.30439867e-04 1.17827152e-05 2.74140514e-04 8.36097974e-04 1.58772160e-03 2.40737315e-03 3.17919571e-03
 3.08549879e-03 3.14971661e-03 3.34744043e-03 3.69261499e-03 4.20439451e-03 4.90148235e-03 5.79514545e-03 6.88182636e-03 8.13648363e-03 9.50791107e-03 1.09172615e-02 1.22607777e-02 1.34172779e-02 1.42602549e-02 1.46735953e-02 1.45690260e-02 1.39026374e-02 1.26874314e-02 1.09989779e-02 8.97205355e-03 6.78754180e-03 4.65069165e-03 2.76370648e-03 1.29711944e-03 3.65082850e-04 9.29016986e-06 1.94744776e-04 8.18271582e-04 1.72805984e-03 2.75026455e-03 3.71734643e-03
 1.64778049e-03 1.64827408e-03 1.66453998e-03 1.73875588e-03 1.93411694e-03 2.32475370e-03 2.98280269e-03 3.96389767e-03 5.29276444e-03 6.95095215e-03 8.86891659e-03 1.09245623e-02 1.29498416e-02 1.47460414e-02 1.61070005e-02 1.68478557e-02 1.68353092e-02 1.60142458e-02 1.44252008e-02 1.22080155e-02 9.58906971e-03 6.85252607e-03 4.29946126e-03 2.20179004e-03 7.59655332e-04 7.08331346e-05 1.18516079e-04 7.79992956e-04 1.85415002e-03 3.10156956e-03 4.28840002e-03
 4.73165112e-03 4.57390991e-03 4.13071157e-03 3.48889625e-03 2.78254587e-03 2.17751767e-03 1.85095237e-03 1.96719807e-03 2.65229320e-03 3.96988981e-03 5.90210369e-03 8.33902627e-03 1.10802813e-02 1.38508681e-02 1.63315477e-02 1.82013553e-02 1.91868898e-02 1.91104788e-02 1.79279292e-02 1.57470286e-02 1.28206120e-02 9.51265873e-03 6.24169231e-03 3.41135465e-03 1.34185002e-03 2.16705732e-04 5.64329506e-05 7.24681300e-04 1.96485157e-03 3.45794401e-03 4.88770553e-03
 1.61935145e-02 1.57515977e-02 1.44766932e-02 1.25170934e-02 1.01058306e-02 7.53967503e-03 5.15037240e-03 3.26935630e-03 2.18821755e-03 2.11850527e-03 3.15574389e-03 5.25351247e-03 8.21361011e-03 1.16973015e-02 1.52601409e-02 1.84089698e-02 2.06748763e-02 2.16911632e-02 2.12619913e-02 1.94066718e-02 1.63674729e-02 1.25753273e-02 8.57691755e-03 4.93614161e-03 2.13026437e-03 4.63704803e-04 1.91041898e-05 6.56529766e-04 2.05964777e-03 3.81589946e-03 5.50964548e-03
 3.99013444e-02 3.90288098e-02 3.64874859e-02 3.25012687e-02 2.74266490e-02 2.17271852e-02 1.59371819e-02 1.06150132e-02 6.28791925e-03 3.39210105e-03 2.21425033e-03 2.84278129e-03 5.13827100e-03 8.73220464e-03 1.30604332e-02 1.74325842e-02 2.11314966e-02 2.35288711e-02 2.41967280e-02 2.29912219e-02 2.00877187e-02 1.59544414e-02 1.12652633e-02 6.76734403e-03 3.13200449e-03 8.23322958e-04 1.57902085e-05 5.80160888e-04 2.13860581e-03 4.17181870e-03 6.14762549e-03
 7.90004704e-02 7.75464785e-02 7.32889242e-02 6.65360133e-02 5.77840316e-02 4.76896025e-02 3.70282080e-02 2.66378551e-02 1.73484312e-02 9.90005846e-03 4.85734963e-03 2.53024590e-03 2.91508897e-03 5.67051178e-03 1.01404491e-02 1.54303763e-02 2.05330312e-02 2.44878975e-02 2.65474372e-02 2.63160304e-02 2.38281225e-02 1.95419324e-02 1.42432866e-02 8.87668053e-03 4.34116006e-03 1.30028158e-03 5.34976302e-05 5.00264716e-04 2.20231754e-03 4.52198085e-03 6.79410454e-03
 1.35276729e-01 1.33103987e-01 1.26718510e-01 1.16514183e-01 1.03131966e-01 8.74334073e-02 7.04580262e-02 5.33610508e-02 3.73297737e-02 2.34802902e-02 1.27414279e-02 5.73855970e-03 2.69540564e-03 3.37510764e-03 7.08085653e-03 1.27297037e-02 1.90006208e-02 2.45409745e-02 2.81980270e-02 2.92290665e-02 2.74406879e-02 2.32181046e-02 1.74289359e-02 1.12177017e-02 5.73828296e-03 1.89154216e-03 1.36229189e-04 4.21248352e-04 2.25182334e-03 4.86259604e-03 7.44067036e-03
 2.08751006e-01 2.05751930e-01 1.96913303e-01 1.82708213e-01 1.63914556e-01 1.41594047e-01 1.17053682e-01 9.17829454e-02 6.73617102e-02 4.53378590e-02 2.70801801e-02 1.36204114e-02 5.50684315e-03 2.69827935e-03 4.52853685e-03 9.76545639e-03 1.67734559e-02 2.37663048e-02 2.91114837e-02 3.16263334e-02 3.07972341e-02 2.68624207e-02 2.07278902e-02 1.37285127e-02 7.29089900e-03 2.58589351e-03 2.64461650e-04 3.46926283e-04 2.28852319e-03 5.18984902e-03 8.07816297e-03
 2.97569745e-01 2.93677939e-01 2.82182205e-01 2.63621470e-01 2.38891392e-01 2.09233330e-01 1.76205607e-01 1.41626585e-01 1.07480228e-01 7.57792366e-02 4.83887354e-02 2.68243784e-02 1.20509452e-02 4.31802976e-03 3.07438042e-03 6.99785220e-03 1.41613339e-02 2.23270666e-02 2.93274902e-02 3.34593039e-02 3.38000898e-02 3.03632335e-02 2.40404002e-02 1.63355403e-02 8.95498277e-03 3.36416288e-03 4.34907455e-04 2.80278462e-04 2.31407954e-03 5.49995074e-03 8.69684630e-03
 3.98181253e-01 3.93376788e-01 3.79157850e-01 3.56111105e-01 3.25222544e-01 2.87880433e-01 2.45861860e-01 2.01288175e-01 1.56535049e-01 1.14087248e-01 7.63371842e-02 4.53397350e-02 2.25519932e-02 8.60205386e-03 3.14060787e-03 4.82742686e-03 1.14875841e-02 2.04390281e-02 2.89491184e-02 3.47341578e-02 3.63877933e-02 3.36252958e-02 2.72677909e-02 1.89578997e-02 1.06772422e-02 4.20004460e-03 6.40592428e-04 2.23297676e-04 2.33031740e-03 5.78919644e-03 9.28662534e-03
 5.05729878e-01 5.00038363e-01 4.83166190e-01 4.55727770e-01 4.18768087e-01 3.73782747e-01 3.22724241e-01 2.67975454e-01 2.12270796e-01 1.58549288e-01 1.09733628e-01 6.84449772e-02 3.66833792e-02 1.55246136e-02 4.89954419e-03 3.52450670e-03 9.03458451e-03 1.83338105e-02 2.81223888e-02 3.55040583e-02 3.85356260e-02 3.65743498e-02 3.03179366e-02 2.15119050e-02 1.23980013e-02 5.06148862e-03 8.71254145e-04 1.76939500e-04 2.33912682e-03 6.05402865e-03 9.83730281e-03
 6.14570966e-01 6.08057686e-01 5.88721714e-01 5.57186228e-01 5.14524616e-01 4.62299379e-01 4.02590990e-01 3.37993588e-01 2.71552542e-01 2.06622074e-01 1.46631152e-01 9.47634621e-02 5.35813078e-02 2.46496655e-02 8.23816848e-03 3.18635235e-03 7.00254943e-03 1.62253833e-02 2.70133046e-02 3.58566940e-02 4.02516202e-02 3.91586117e-02 3.31092617e-02 2.39153296e-02 1.40544388e-02 5.91254569e-03 1.11403630e-03 1.41177920e-04 2.34237234e-03 6.29110291e-03 1.03388666e-02
 7.18809524e-01 7.11570613e-01 6.90054096e-01 6.54876448e-01 6.07113646e-01 5.48359214e-01 4.80776612e-01 4.07119149e-01 3.30687382e-01 2.55196145e-01 1.84533269e-01 1.22411123e-01 7.19395704e-02 3.51806416e-02 1.27731578e-02 3.72877049e-03 5.48861221e-03 1.42857834e-02 2.57866899e-02 3.58996905e-02 4.15692421e-02 4.13474317e-02 3.55730924e-02 2.60911171e-02 1.55839428e-02 6.71553189e-03 1.35442644e-03 1.15158626e-04 2.34181300e-03 6.49735392e-03 1.07817956e-02
 8.12786715e-01 8.04939483e-01 7.81591037e-01 7.43340860e-01 6.91249338e-01 6.26913729e-01 5.52543036e-01 4.71001832e-01 3.85788529e-01 3.00914660e-01 2.20661310e-01 1.49208887e-01 9.01667894e-02 4.60660205e-02 1.79117647e-02 4.91191785e-03 4.48849393e-03 1.26333459e-02 2.45899921e-02 3.57462903e-02 4.25381998e-02 4.31277592e-02 3.76544448e-02 2.79703727e-02 1.69273606e-02 7.43335358e-03 1.57736073e-03 9.74312189e-05 2.33903524e-03 6.67005975e-03 1.11573708e-02
 8.91469625e-01 8.83143826e-01 8.58351454e-01 8.17670624e-01 7.62136923e-01 6.93334759e-01 6.13491827e-01 5.25544262e-01 4.33134327e-01 3.40502490e-01 2.52244786e-01 1.72927070e-01 1.06580371e-01 5.61420122e-02 2.29464254e-02 6.39372339e-03 3.91831838e-03 1.13336497e-02 2.35435391e-02 3.55030586e-02 4.32147852e-02 4.44992394e-02 3.93115433e-02 2.94945888e-02 1.80319654e-02 8.03182632e-03 1.76840243e-03 8.62326394e-05 2.33539945e-03 6.80690149e-03 1.14579749e-02
 9.50730699e-01 9.42061894e-01 9.16232984e-01 8.73802035e-01 8.15779423e-01 7.43730947e-01 6.59887443e-01 5.67226711e-01 4.69486902e-01 3.71069664e-01 2.76799851e-01 1.91529675e-01 1.19609376e-01 6.42899025e-02 2.71664363e-02 7.79986335e-03 3.65033293e-03 1.04105958e-02 2.27370205e-02 3.52605278e-02 4.36529026e-02 4.54688172e-02 4.05144974e-02 3.06171599e-02 1.88540045e-02 8.48182620e-03 1.91489232e-03 7.97880855e-05 2.33199969e-03 6.90601603e-03 1.16773655e-02
 9.87526715e-01 9.78652178e-01 9.52200864e-01 9.08716772e-01 8.49191947e-01 7.75176961e-01 6.88900082e-01 5.93359896e-01 4.92348889e-01 3.90364053e-01 2.92368740e-01 2.03391231e-01 1.27980568e-01 6.95855497e-02 2.99685690e-02 8.79704636e-03 3.55402169e-03 9.86310113e-03 2.22305776e-02 3.50868896e-02 4.38965925e-02 4.60456544e-02 4.12436205e-02 3.13043183e-02 1.93607410e-02 8.76112793e-03 2.00697030e-03 7.65935203e-05 2.32963537e-03 6.96603966e-03 1.18109059e-02
 1.00000000e+00 9.91056955e-01 9.64398260e-01 9.20562874e-01 8.60536176e-01 7.85862957e-01 6.98769849e-01 6.02261620e-01 5.00148287e-01 3.96958350e-01 2.97701494e-01 2.07465377e-01 1.30866529e-01 7.14213353e-02 3.09497781e-02 9.15653641e-03 3.53359446e-03 9.68211550e-03 2.20581352e-02 3.50242699e-02 4.39745136e-02 4.62370236e-02 4.14878468e-02 3.15356472e-02 1.95319353e-02 8.85580874e-03 2.03837789e-03 7.56459127e-05 2.32879287e-03 6.98614071e-03 1.18557408e-02
 9.87526715e-01 9.78652178e-01 9.52200864e-01 9.08716772e-01 8.49191947e-01 7.75176961e-01 6.88900082e-01 5.93359896e-01 4.92348889e-01 3.90364053e-01 2.92368740e-01 2.03391231e-01 1.27980568e-01 6.95855497e-02 2.99685690e-02 8.79704636e-03 3.55402169e-03 9.86310113e-03 2.22305776e-02 3.50868896e-02 4.38965925e-02 4.60456544e-02 4.12436205e-02 3.13043183e-02 1.93607410e-02 8.76112793e-03 2.00697030e-03 7.65935203e-05 2.32963537e-03 6.96603966e-03 1.18109059e-02
 9.50730699e-01 9.42061894e-01 9.16232984e-01 8.73802035e-01 8.15779423e-01 7.43730947e-01 6.59887443e-01 5.67226711e-01 4.69486902e-01 3.71069664e-01 2.76799851e-01 1.91529675e-01 1.19609376e-01 6.42899025e-02 2.71664363e-02 7.79986335e-03 3.65033293e-03 1.04105958e-02 2.27370205e-02 3.52605278e-02 4.36529026e-02 4.54688172e-02 4.05144974e-02 3.06171599e-02 1.88540045e-02 8.48182620e-03 1.91489232e-03 7.97880855e-05 2.33199969e-03 6.90601603e-03 1.16773655e-02
 8.91469625e-01 8.83143826e-01 8.58351454e-01 8.17670624e-01 7.62136923e-01 6.93334759e-01 6.13491827e-01 5.25544262e-01 4.33134327e-01 3.40502490e-01 2.52244786e-01 1.72927070e-01 1.06580371e-01 5.61420122e-02 2.29464254e-02 6.39372339e-03 3.91831838e-03 1.13336497e-02 2.35435391e-02 3.55030586e-02 4.32147852e-02 4.44992394e-02 3.93115433e-02 2.94945888e-02 1.80319654e-02 8.03182632e-03 1.76840243e-03 8.62326394e-05 2.33539945e-03 6.80690149e-03 1.14579749e-02
 8.12786715e-01 8.04939483e-01 7.81591037e-01 7.43340860e-01 6.91249338e-01 6.26913729e-01 5.52543036e-01 4.71001832e-01 3.85788529e-01 3.00914660e-01 2.20661310e-01 1.49208887e-01 9.01667894e-02 4.60660205e-02 1.79117647e-02 4.91191785e-03 4.48849393e-03 1.26333459e-02 2.45899921e-02 3.57462903e-02 4.25381998e-02 4.31277592e-02 3.76544448e-02 2.79703727e-02 1.69273606e-02 7.43335358e-03 1.57736073e-03 9.74312189e-05 2.33903524e-03 6.67005975e-03 1.11573708e-02
 7.18809524e-01 7.11570613e-01 6.90054096e-01 6.54876448e-01 6.07113646e-01 5.48359214e-01 4.80776612e-01 4.07119149e-01 3.30687382e-01 2.55196145e-01 1.84533269e-01 1.22411123e-01 7.19395704e-02 3.51806416e-02 1.27731578e-02 3.72877049e-03 5.48861221e-03 1.42857834e-02 2.57866899e-02 3.58996905e-02 4.15692421e-02 4.13474317e-02 3.55730924e-02 2.60911171e-02 1.55839428e-02 6.71553189e-03 1.35442644e-03 1.15158626e-04 2.34181300e-03 6.49735392e-03 1.07817956e-02
 6.14570966e-01 6.08057686e-01 5.88721714e-01 5.57186228e-01 5.14524616e-01 4.62299379e-01 4.02590990e-01 3.37993588e-01 2.71552542e-01 2.06622074e-01 1.46631152e-01 9.47634621e-02 5.35813078e-02 2.46496655e-02 8.23816848e-03 3.18635235e-03 7.00254943e-03 1.62253833e-02 2.70133046e-02 3.58566940e-02 4.02516202e-02 3.91586117e-02 3.31092617e-02 2.39153296e-02 1.40544388e-02 5.91254569e-03 1.11403630e-03 1.41177920e-04 2.34237234e-03 6.29110291e-03 1.03388666e-02
 5.05729878e-01 5.00038363e-01 4.83166190e-01 4.55727770e-01 4.18768087e-01 3.73782747e-01 3.22724241e-01 2.67975454e-01 2.12270796e-01 1.58549288e-01 1.09733628e-01 6.84449772e-02 3.66833792e-02 1.55246136e-02 4.89954419e-03 3.52450670e-03 9.03458451e-03 1.83338105e-02 2.81223888e-02 3.55040583e-02 3.85356260e-02 3.65743498e-02 3.03179366e-02 2.15119050e-02 1.23980013e-02 5.06148862e-03 8.71254145e-04 1.76939500e-04 2.33912682e-03 6.05402865e-03 9.83730281e-03
 3.98181253e-01 3.93376788e-01 3.79157850e-01 3.56111105e-01 3.25222544e-01 2.87880433e-01 2.45861860e-01 2.01288175e-01 1.56535049e-01 1.14087248e-01 7.63371842e-02 4.53397350e-02 2.25519932e-02 8.60205386e-03 3.14060787e-03 4.82742686e-03 1.14875841e-02 2.04390281e-02 2.89491184e-02 3.47341578e-02 3.63877933e-02 3.36252958e-02 2.72677909e-02 1.89578997e-02 1.06772422e-02 4.20004460e-03 6.40592428e-04 2.23297676e-04 2.33031740e-03 5.78919644e-03 9.28662534e-03
 2.97569745e-01 2.93677939e-01 2.82182205e-01 2.63621470e-01 2.38891392e-01 2.09233330e-01 1.76205607e-01 1.41626585e-01 1.07480228e-01 7.57792366e-02 4.83887354e-02 2.68243784e-02 1.20509452e-02 4.31802976e-03 3.07438042e-03 6.99785220e-03 1.41613339e-02 2.23270666e-02 2.93274902e-02 3.34593039e-02 3.38000898e-02 3.03632335e-02 2.40404002e-02 1.63355403e-02 8.95498277e-03 3.36416288e-03 4.34907455e-04 2.80278462e-04 2.31407954e-03 5.49995074e-03 8.69684630e-03
 2.08751006e-01 2.05751930e-01 1.96913303e-01 1.82708213e-01 1.63914556e-01 1.41594047e-01 1.17053682e-01 9.17829454e-02 6.73617102e-02 4.53378590e-02 2.70801801e-02 1.36204114e-02 5.50684315e-03 2.69827935e-03 4.52853685e-03 9.76545639e-03 1.67734559e-02 2.37663048e-02 2.91114837e-02 3.16263334e-02 3.07972341e-02 2.68624207e-02 2.07278902e-02 1.37285127e-02 7.29089900e-03 2.58589351e-03 2.64461650e-04 3.46926283e-04 2.28852319e-03 5.18984902e-03 8.07816297e-03
 1.35276729e-01 1.33103987e-01 1.26718510e-01 1.16514183e-01 1.03131966e-01 8.74334073e-02 7.04580262e-02 5.33610508e-02 3.73297737e-02 2.34802902e-02 1.27414279e-02 5.73855970e-03 2.69540564e-03 3.37510764e-03 7.08085653e-03 1.27297037e-02 1.90006208e-02 2.45409745e-02 2.81980270e-02 2.92290665e-02 2.74406879e-02 2.32181046e-02 1.74289359e-02 1.12177017e-02 5.73828296e-03 1.89154216e-03 1.36229189e-04 4.21248352e-04 2.25182334e-03 4.86259604e-03 7.44067036e-03
 7.90004704e-02 7.75464785e-02 7.32889242e-02 6.65360133e-02 5.77840316e-02 4.76896025e-02 3.70282080e-02 2.66378551e-02 1.73484312e-02 9.90005846e-03 4.85734963e-03 2.53024590e-03 2.91508897e-03 5.67051178e-03 1.01404491e-02 1.54303763e-02 2.05330312e-02 2.44878975e-02 2.65474372e-02 2.63160304e-02 2.38281225e-02 1.95419324e-02 1.42432866e-02 8.87668053e-03 4.34116006e-03 1.30028158e-03 5.34976302e-05 5.00264716e-04 2.20231754e-03 4.52198085e-03 6.79410454e-03
 3.99013444e-02 3.90288098e-02 3.64874859e-02 3.25012687e-02 2.74266490e-02 2.17271852e-02 1.59371819e-02 1.06150132e-02 6.28791925e-03 3.39210105e-03 2.21425033e-03 2.84278129e-03 5.13827100e-03 8.73220464e-03 1.30604332e-02 1.74325842e-02 2.11314966e-02 2.35288711e-02 2.41967280e-02 2.29912219e-02 2.00877187e-02 1.59544414e-02 1.12652633e-02 6.76734403e-03 3.13200449e-03 8.23322958e-04 1.57902085e-05 5.80160888e-04 2.13860581e-03 4.17181870e-03 6.14762549e-03
 1.61935145e-02 1.57515977e-02 1.44766932e-02 1.25170934e-02 1.01058306e-02 7.53967503e-03 5.15037240e-03 3.26935630e-03 2.18821755e-03 2.11850527e-03 3.15574389e-03 5.25351247e-03 8.21361011e-03 1.16973015e-02 1.52601409e-02 1.84089698e-02 2.06748763e-02 2.16911632e-02 2.12619913e-02 1.94066718e-02 1.63674729e-02 1.25753273e-02 8.57691755e-03 4.93614161e-03 2.13026437e-03 4.63704803e-04 1.91041898e-05 6.56529766e-04 2.05964777e-03 3.81589946e-03 5.50964548e-03
 4.73165112e-03 4.57390991e-03 4.13071157e-03 3.48889625e-03 2.78254587e-03 2.17751767e-03 1.85095237e-03 1.96719807e-03 2.65229320e-03 3.96988981e-03 5.90210369e-03 8.33902627e-03 1.10802813e-02 1.38508681e-02 1.63315477e-02 1.82013553e-02 1.91868898e-02 1.91104788e-02 1.79279292e-02 1.57470286e-02 1.28206120e-02 9.51265873e-03 6.24169231e-03 3.41135465e-03 1.34185002e-03 2.16705732e-04 5.64329506e-05 7.24681300e-04 1.96485157e-03 3.45794401e-03 4.88770553e-03
 1.64778049e-03 1.64827408e-03 1.66453998e-03 1.73875588e-03 1.93411694e-03 2.32475370e-03 2.98280269e-03 3.96389767e-03 5.29276444e-03 6.95095215e-03 8.86891659e-03 1.09245623e-02 1.29498416e-02 1.47460414e-02 1.61070005e-02 1.68478557e-02 1.68353092e-02 1.60142458e-02 1.44252008e-02 1.22080155e-02 9.58906971e-03 6.85252607e-03 4.29946126e-03 2.20179004e-03 7.59655332e-04 7.08331346e-05 1.18516079e-04 7.79992956e-04 1.85415002e-03 3.10156956e-03 4.28840002e-03
 3.08549879e-03 3.14971661e-03 3.34744043e-03 3.69261499e-03 4.20439451e-03 4.90148235e-03 5.79514545e-03 6.88182636e-03 8.13648363e-03 9.50791107e-03 1.09172615e-02 1.22607777e-02 1.34172779e-02 1.42602549e-02 1.46735953e-02 1.45690260e-02 1.39026374e-02 1.26874314e-02 1.09989779e-02 8.97205355e-03 6.78754180e-03 4.65069165e-03 2.76370648e-03 1.29711944e-03 3.65082850e-04 9.29016986e-06 1.94744776e-04 8.18271582e-04 1.72805984e-03 2.75026455e-03 3.71734643e-03
 5.85962286e-03 5.92823017e-03 6.13403528e-03 6.47638385e-03 6.95226370e-03 7.55373728e-03 8.26495903e-03 9.05934154e-03 9.89751671e-03 1.07267452e-02 1.14823370e-02 1.20914395e-02 1.24792278e-02 1.25771152e-02 1.23321424e-02 1.17162829e-02 1.07341169e-02 9.42727355e-03 7.87430177e-03 6.18520776e-03 4.49075561e-03 2.92761233e-03 1.62134365e-03 6.69905339e-04 1.30439867e-04 1.17827152e-05 2.74140514e-04 8.36097974e-04 1.58772160e-03 2.40737315e-03 3.17919571e-03
 7.88277177e-03 7.92816950e-03 8.06251300e-03 8.28005033e-03 8.57056977e-03 8.91863447e-03 9.30283793e-03 9.69536415e-03 1.00621541e-02 1.03639509e-02 1.05584098e-02 1.06033209e-02 1.04607998e-02 1.01020911e-02 9.51241906e-03 8.69515925e-03 7.67454388e-03 6.49617858e-03 5.22487069e-03 3.93963166e-03 2.72617756e-03 1.66773250e-03 8.35343935e-04 2.79145385e-04 2.19801361e-05 5.65010143e-05 3.46323660e-04 8.31128661e-04 1.43491890e-03 2.07608934e-03 2.67767709e-03
 8.26766943e-03 8.28535606e-03 8.33656162e-03 8.41571130e-03 8.51349627e-03 8.61692137e-03 8.70950773e-03 8.77175947e-03 8.78199727e-03 8.71763147e-03 8.55689188e-03 8.28095426e-03 7.87631268e-03 7.33715608e-03 6.66743238e-03 5.88224532e-03 5.00824277e-03 4.08273371e-03 3.15141386e-03 2.26477456e-03 1.47348896e-03 8.23276204e-04 3.49894213e-04 7.49677904e-05 3.29605023e-06 1.22100377e-04 4.02395045e-04 8.02334659e-04 1.27207708e-03 1.75945980e-03 2.21567042e-03
 7.11538564e-03 7.11334873e-03 7.10606714e-03 7.09007433e-03 7.05975275e-03 7.00759497e-03 6.92460550e-03 6.80086707e-03 6.62628521e-03 6.39150554e-03 6.08897005e-03 5.71404529e-03 5.26612054e-03 4.74954494e-03 4.17425650e-03 3.55595841e-03 2.91572574e-03 2.27897849e-03 1.67383281e-03 1.12893167e-03 6.70946909e-04 3.22019954e-04 9.74522493e-05 3.95652093e-06 3.87297673e-05 1.89512230e-04 4.35665998e-04 7.50163282e-04 1.10224257e-03 1.46039475e-03 1.79529873e-03
 5.09829641e-03 5.08769798e-03 5.05541102e-03 5.00000233e-03 4.91922292e-03 4.81021804e-03 4.66982027e-03 4.49492052e-03 4.28290504e-03 4.03213716e-03 3.74245180e-03 3.41561945e-03 3.05572747e-03 2.66942137e-03 2.26595092e-03 1.85697570e-03 1.45610397e-03 1.07816622e-03 7.38257921e-04 4.50621006e-04 2.27464809e-04 7.78492859e-05 6.76070894e-06 1.44998500e-05 9.64739999e-05 2.43439788e-04 4.42189338e-04 6.76615845e-04 9.29045155e-04 1.18168550e-03 1.41803409e-03
 3.00287094e-03 2.99218248e-03 2.96003245e-03 2.90618890e-03 2.83033737e-03 2.73218571e-03 2.61160317e-03 2.46878596e-03 2.30443749e-03 2.11994897e-03 1.91756234e-03 1.70049581e-03 1.47301117e-03 1.24040365e-03 1.00889888e-03 7.85448428e-04 5.77424628e-04 3.92226572e-04 2.36821279e-04 1.17254946e-04 3.81778556e-05 2.43073176e-06 1.07391594e-05 6.15553778e-05 1.51073725e-04 2.73428506e-04 4.21063199e-04 5.85240426e-04 7.56645698e-04 9.26027178e-04 1.08481008e-03
 1.38835110e-03 1.38140083e-03 1.36061129e-03 1.32617343e-03 1.27842886e-03 1.21790257e-03 1.14534432e-03 1.06177425e-03 9.68527290e-04 8.67290131e-04 7.60124091e-04 6.49467231e-04 5.38109856e-04 4.29138987e-04 3.25849571e-04 2.31623144e-04 1.49778019e-04 8.33986376e-05 3.51551036e-05 7.12655740e-06 6.43644654e-07 1.61653846e-05 5.32041325e-05 1.10309000e-04 1.85113300e-04 2.74445775e-04 3.74499225e-04 4.81044365e-04 5.89672131e-04 6.96044751e-04 7.96135168e-04
 4.48715078e-04 4.45611122e-04 4.36363824e-04 4.21167812e-04 4.00350311e-04 3.74374646e-04 3.43843690e-04 3.09501893e-04 2.72234341e-04 2.33061178e-04 1.93125824e-04 1.53675634e-04 1.16034106e-04 8.15643324e-05 5.16241524e-05 2.75143255e-05 1.04219241e-05 1.36196589e-06 1.12096927e-06 1.02065142e-05 2.88069548e-05 5.67650962e-05 9.35689131e-05 1.38361277e-04 1.89969264e-04 2.46952067e-04 3.07664960e-04 3.70335402e-04 4.33146265e-04 4.94320560e-04 5.52201941e-04
 7.02363430e-05 6.94315464e-05 6.70477495e-05 6.31763505e-05 5.79683729e-05 5.16323836e-05 4.44313435e-05 3.66781971e-05 2.87299905e-05 2.09803352e-05 1.38500888e-05 7.77621544e-06 3.19891084e-06 5.47223961e-07 2.23565053e-07 2.58765225e-06 7.94059259e-06 1.65099059e-05 2.84363646e-05 4.37635245e-05 6.24307547e-05 8.42704320e-05 1.09009759e-04 1.36277392e-04 1.65614776e-04 1.96491749e-04 2.28325696e-04 2.60503268e-04 2.92403499e-04 3.23421035e-04 3.52988220e-04
 2.74206270e-08 3.19511253e-08 5.33009797e-08 1.14535851e-07 2.53400865e-07 5.21276088e-07 9.81719838e-07 1.70860936e-06 2.78389626e-06 4.29500503e-06 6.33191694e-06 8.98399782e-06 1.23366464e-05 1.64678583e-05 2.14448163e-05 2.73206343e-05 3.41313887e-05 4.18935741e-05 5.06021169e-05 6.02290661e-05 7.07230553e-05 8.20096049e-05 9.39922921e-05 1.06554775e-04 1.19563617e-04 1.32871804e-04 1.46322828e-04 1.59755156e-04 1.73006886e-04 1.85920413e-04 1.98346866e-04
 1.52083884e-05 1.52847249e-05 1.55144192e-05 1.58994932e-05 1.64432095e-05 1.71499127e-05 1.80248144e-05 1.90737248e-05 2.03027409e-05 2.17178986e-05 2.33247991e-05 2.51282217e-05 2.71317353e-05 2.93373213e-05 3.17450231e-05 3.43526334e-05 3.71554351e-05 4.01460044e-05 4.33140891e-05 4.66465680e-05 5.01274967e-05 5.37382425e-05 5.74577072e-05 6.12626311e-05 6.51279728e-05 6.90273518e-05 7.29335400e-05 7.68189868e-05 8.06563607e-05 8.44190874e-05 8.80818694e-05
 1.25081547e-05 1.25215767e-05 1.25618139e-05 1.26287786e-05 1.27223227e-05 1.28422344e-05 1.29882342e-05 1.31599703e-05 1.33570124e-05 1.35788462e-05 1.38248675e-05 1.40943758e-05 1.43865698e-05 1.47005426e-05 1.50352785e-05 1.53896513e-05 1.57624241e-05 1.61522509e-05 1.65576805e-05 1.69771624e-05 1.74090542e-05 1.78516325e-05 1.83031039e-05 1.87616197e-05 1.92252906e-05 1.96922034e-05 2.01604390e-05 2.06280901e-05 2.10932798e-05 2.15541795e-05 2.20090270e-05
 0.00000000e+00 0.00000000e+00 0.00000000e+00 0.00000000e+00 0.00000000e+00 0.00000000e+00 0.00000000e+00 0.00000000e+00 0.00000000e+00 0.00000000e+00 0.00000000e+00 0.00000000e+00 0.00000000e+00 0.00000000e+00 0.00000000e+00 0.00000000e+00 0.00000000e+00 0.00000000e+00 0.00000000e+00 0.00000000e+00 0.00000000e+00 0.00000000e+00 0.00000000e+00 0.00000000e+00 0.00000000e+00 0.00000000e+00 0.00000000e+00 0.00000000e+00 0.00000000e+00 0.00000000e+00 0.00000000e+00
 2.88312669e-05 2.88247924e-05 2.88053343e-05 2.87727897e-05 2.87269899e-05 2.86677041e-05 2.85946451e-05 2.85074763e-05 2.84058198e-05 2.82892664e-05 2.81573865e-05 2.80097418e-05 2.78458982e-05 2.76654393e-05 2.74679809e-05 2.72531847e-05 2.70207731e-05 2.67705431e-05 2.65023801e-05 2.62162707e-05 2.59123144e-05 2.55907341e-05 2.52518845e-05 2.48962598e-05 2.45244977e-05 2.41373824e-05 2.37358448e-05 2.33209602e-05 2.28939435e-05 2.24561423e-05 2.20090270e-05
 1.24662117e-04 1.24662541e-04 1.24662984e-04 1.24660965e-04 1.24652375e-04 1.24631509e-04 1.24591128e-04 1.24522527e-04 1.24415629e-04 1.24259107e-04 1.24040519e-04 1.23746483e-04 1.23362877e-04 1.22875060e-04 1.22268136e-04 1.21527237e-04 1.20637833e-04 1.19586059e-04 1.18359068e-04 1.16945378e-04 1.15335225e-04 1.13520903e-04 1.11497080e-04 1.09261082e-04 1.06813129e-04 1.04156517e-04 1.01297728e-04 9.82464690e-05 9.50156327e-05 9.16211678e-05 8.80818694e-05
 2.61368922e-04 2.61516180e-04 2.61954664e-04 2.62674472e-04 2.63659011e-04 2.64884873e-04 2.66321682e-04 2.67931945e-04 2.69670925e-04 2.71486577e-04 2.73319590e-04 2.75103564e-04 2.76765385e-04 2.78225818e-04 2.79400381e-04 2.80200504e-04 2.80535016e-04 2.80311945e-04 2.79440639e-04 2.77834158e-04 2.75411887e-04 2.72102298e-04 2.67845758e-04 2.62597262e-04 2.56328967e-04 2.49032394e-04 2.40720143e-04 2.31427022e-04 2.21210462e-04 2.10150156e-04 1.98346866e-04
 3.81780019e-04 3.82317421e-04 3.83924716e-04 3.86586910e-04 3.90278157e-04 3.94960505e-04 4.00582204e-04 4.07075645e-04 4.14355020e-04 4.22313843e-04 4.30822479e-04 4.39725893e-04 4.48841831e-04 4.57959723e-04 4.66840555e-04 4.75218021e-04 4.82801205e-04 4.89279017e-04 4.94326549e-04 4.97613382e-04 4.98813776e-04 4.97618518e-04 4.93748026e-04 4.86966163e-04 4.77094058e-04 4.64023115e-04 4.47726342e-04 4.28267108e-04 4.05804534e-04 3.80594842e-04 3.52988220e-04
 4.38786503e-04 4.39879809e-04 4.43160329e-04 4.48629151e-04 4.56285684e-04 4.66124024e-04 4.78127827e-04 4.92263681e-04 5.08473016e-04 5.26662679e-04 5.46694393e-04 5.68373500e-04 5.91437552e-04 6.15545519e-04 6.40268602e-04 6.65083792e-04 6.89371479e-04 7.12418417e-04 7.33427285e-04 7.51533829e-04 7.65832165e-04 7.75408253e-04 7.79380819e-04 7.76948199e-04 7.67438745e-04 7.50361682e-04 7.25454727e-04 6.92724482e-04 6.52475658e-04 6.05325668e-04 5.52201941e-04
 4.23034575e-04 4.24607549e-04 4.29343434e-04 4.37292189e-04 4.48533852e-04 4.63173393e-04 4.81332904e-04 5.03140602e-04 5.28716073e-04 5.58151230e-04 5.91486664e-04 6.28683351e-04 6.69590229e-04 7.13908780e-04 7.61156602e-04 8.10632826e-04 8.61389154e-04 9.12210973e-04 9.61613503e-04 1.00785781e-03 1.04899088e-03 1.08291256e-03 1.10746991e-03 1.12057683e-03 1.12035370e-03 1.10527811e-03 1.07433547e-03 1.02715566e-03 9.64121555e-04 8.86435848e-04 7.96135168e-04
 3.60026057e-04 3.61789237e-04 3.67116776e-04 3.76122600e-04 3.88996106e-04 4.06000650e-04 4.27469838e-04 4.53800000e-04 4.85436831e-04 5.22853822e-04 5.66520017e-04 6.16854849e-04 6.74168470e-04 7.38587291e-04 8.09966379e-04 8.87792905e-04 9.71087925e-04 1.05831694e-03 1.14732255e-03 1.23529452e-03 1.31879277e-03 1.39383697e-03 1.45607192e-03 1.50101058e-03 1.52434739e-03 1.52232365e-03 1.49211623e-03 1.43221242e-03 1.34272832e-03 1.22562845e-03 1.08481008e-03
 2.84448896e-04 2.86119187e-04 2.91179503e-04 2.99780224e-04 3.12178606e-04 3.28747888e-04 3.49988167e-04 3.76536705e-04 4.09174132e-04 4.48821611e-04 4.96522641e-04 5.53402079e-04 6.20594689e-04 6.99136452e-04 7.89814634e-04 8.92977485e-04 1.00831154e-03 1.13460337e-03 1.26951237e-03 1.40939013e-03 1.54918820e-03 1.68249709e-03 1.80175346e-03 1.89863846e-03 1.96466784e-03 1.99194627e-03 1.97402736e-03 1.90679273e-03 1.78924317e-03 1.62408866e-03 1.41803409e-03
 2.15015948e-04 2.16523574e-04 2.21090124e-04 2.28850188e-04 2.40040312e-04 2.55018158e-04 2.74290384e-04 2.98548848e-04 3.28712818e-04 3.65971662e-04 4.11818420e-04 4.68059956e-04 5.36785072e-04 6.20269321e-04 7.20795785e-04 8.40376552e-04 9.80371209e-04 1.14101683e-03 1.32090754e-03 1.51648790e-03 1.72164849e-03 1.92752735e-03 2.12262194e-03 2.29329604e-03 2.42472391e-03 2.50225033e-03 2.51306940e-03 2.44804777e-03 2.30345647e-03 2.08234446e-03 1.79529873e-03
 1.50334357e-04 1.51765409e-04 1.56097422e-04 1.63447294e-04 1.74012505e-04 1.88080295e-04 2.06049942e-04 2.28475203e-04 2.56132422e-04 2.90115440e-04 3.31950805e-04 3.83716039e-04 4.48130821e-04 5.28578112e-04 6.29002887e-04 7.53634693e-04 9.06491347e-04 1.09064838e-03 1.30730336e-03 1.55472251e-03 1.82722117e-03 2.11438485e-03 2.40076827e-03 2.66629811e-03 2.88753925e-03 3.03986402e-03 3.10039918e-03 3.05144478e-03 2.88389851e-03 2.60012047e-03 2.21567042e-03
 8.97825932e-05 9.09625277e-05 9.45885871e-05 1.00907371e-04 1.10292609e-04 1.23200662e-04 1.40130442e-04 1.61608163e-04 1.88219403e-04 2.20708617e-04 2.60157484e-04 3.08236662e-04 3.67500427e-04 4.41662328e-04 5.35757632e-04 6.56073741e-04 8.09724164e-04 1.00376707e-03 1.24383426e-03 1.53234211e-03 1.86649103e-03 2.23640156e-03 2.62384448e-03 3.00205999e-03 3.33708849e-03 3.59083635e-03 3.72578649e-03 3.71088346e-03 3.52775715e-03 3.17619079e-03 2.67767709e-03
 6.55002543e-05 6.53835218e-05 6.52869337e-05 6.59367040e-05 6.84319830e-05 7.40931884e-05 8.42815743e-05 1.00224562e-04 1.22892136e-04 1.52976513e-04 1.91025493e-04 2.37763822e-04 2.94601939e-04 3.64276390e-04 4.51495699e-04 5.63392384e-04 7.09527698e-04 9.01187611e-04 1.14977383e-03 1.46424871e-03 1.84783352e-03 2.29445120e-03 2.78568134e-03 3.28916776e-03 3.75939727e-03 4.14149082e-03 4.37811005e-03 4.41886095e-03 4.23082208e-03 3.80823796e-03 3.17919571e-03
 1.63786008e-04 1.60002933e-04 1.49240873e-04 1.33201243e-04 1.14521473e-04 9.64864402e-05 8.26485564e-05 7.63937312e-05 8.05149918e-05 9.68821599e-05 1.26316198e-04 1.68778703e-04 2.23957046e-04 2.92253081e-04 3.76065778e-04 4.81108205e-04 6.17348762e-04 7.99066168e-04 1.04351836e-03 1.36790110e-03 1.78463522e-03 2.29553974e-03 2.88601902e-03 3.52085207e-03 4.14332911e-03 4.67917400e-03 5.04586124e-03 5.16667843e-03 4.98746140e-03 4.49272632e-03 3.71734643e-03
 5.20044525e-04 5.08942834e-04 4.76707583e-04 4.26475335e-04 3.63225028e-04 2.93388981e-04 2.24289914e-04 1.63415297e-04 1.17580450e-04 9.20881801e-05 9.00547604e-05 1.12120151e-04 1.56767512e-04 2.21414136e-04 3.04281664e-04 4.06808072e-04 5.36062628e-04 7.06345252e-04 9.39006544e-04 1.25963728e-03 1.69223533e-03 2.25076489e-03 2.92954822e-03 3.69490584e-03 4.48102631e-03 5.19285315e-03 5.71762541e-03 5.94468029e-03 5.79063504e-03 5.22479854e-03 4.28840002e-03
 1.28599527e-03 1.26330290e-03 1.19682422e-03 1.09130232e-03 9.54448669e-04 7.96588049e-04 6.30053988e-04 4.68275430e-04 3.24545288e-04 2.10551198e-04 1.34870504e-04 1.01760401e-04 1.10667635e-04 1.56883389e-04 2.33621160e-04 3.35464863e-04 4.62640052e-04 6.24999260e-04 8.44161690e-04 1.15214003e-03 1.58523830e-03 2.17311234e-03 2.92452880e-03 3.81315154e-03 4.76801429e-03 5.67353506e-03 6.38251411e-03 6.74251511e-03 6.63194866e-03 5.99820451e-03 4.88770553e-03
 2.58211459e-03 2.54406092e-03 2.43189504e-03 2.25162394e-03 2.01329092e-03 1.73088948e-03 1.42200023e-03 1.10697031e-03 8.07496615e-04 5.44587893e-04 3.36068074e-04 1.94023706e-04 1.22836348e-04 1.18587149e-04 1.70564249e-04 2.65246307e-04 3.92444075e-04 5.52344462e-04 7.61260827e-04 1.05332908e-03 1.47562257e-03 2.07548413e-03 2.88126286e-03 3.88060249e-03 5.00301303e-03 6.11449698e-03 7.03052698e-03 7.54940662e-03 7.50174959e-03 6.80527155e-03 5.50964548e-03
 4.45488384e-03 4.39940082e-03 4.23500384e-03 3.96800674e-03 3.60939590e-03 3.17531332e-03 2.68732976e-03 2.17216278e-03 1.66050081e-03 1.18470356e-03 7.75387275e-04 4.57268014e-04 2.45071457e-04 1.40705983e-04 1.33055750e-04 2.01485537e-04 3.23321664e-04 4.84210284e-04 6.88635467e-04 9.66555767e-04 1.37180425e-03 1.96922227e-03 2.81066269e-03 3.90447428e-03 5.18752306e-03 6.51133782e-03 7.65282827e-03 8.35442279e-03 8.38926524e-03 7.63692390e-03 6.14762549e-03
 6.85527428e-03 6.78285690e-03 6.56719658e-03 6.21341923e-03 5.73115676e-03 5.13590154e-03 4.45034860e-03 3.70519831e-03 2.93882608e-03 2.19528348e-03 1.52034243e-03 9.55763965e-04 5.32636806e-04 2.65352985e-04 1.48317103e-04 1.57492750e-04 2.58069283e-04 4.17772085e-04 6.22892778e-04 8.91698193e-04 1.27857795e-03 1.86323928e-03 2.72308481e-03 3.89318908e-03 5.32526518e-03 6.86187155e-03 8.24193020e-03 9.14673155e-03 9.28278188e-03 8.48275810e-03 6.79410454e-03
 9.64509831e-03 9.55903681e-03 9.30137339e-03 8.87425029e-03 8.28308256e-03 7.53901449e-03 6.66170792e-03 5.68177292e-03 4.64197336e-03 3.59628713e-03 2.60608708e-03 1.73322972e-03 1.03072085e-03 5.32749957e-04 2.46939020e-04 1.52153750e-04 2.04638628e-04 3.53210865e-04 5.60906738e-04 8.26647396e-04 1.19769729e-03 1.76373147e-03 2.62752058e-03 3.85548609e-03 5.42155359e-03 7.16589502e-03 8.79178236e-03 9.91583297e-03 1.01698601e-02 9.33117831e-03 7.44067036e-03
 1.26269155e-02 1.25328421e-02 1.22494801e-02 1.17742155e-02 1.11053224e-02 1.02456219e-02 9.20695260e-03 8.01466070e-03 6.71099588e-03 5.35607054e-03 4.02507858e-03 2.80095203e-03 1.76267804e-03 9.71042632e-04 4.55275673e-04 2.05306047e-04 1.74274785e-04 2.93897947e-04 5.01082407e-04 7.68722188e-04 1.12879286e-03 1.67435537e-03 2.53115800e-03 3.79971184e-03 5.48267309e-03 7.42486727e-03 9.29777262e-03 1.06517598e-02 1.10375817e-02 1.01695932e-02 8.07816297e-03
 1.55858483e-02 1.54907618e-02 1.52022294e-02 1.47114461e-02 1.40070720e-02 1.30800383e-02 1.19297434e-02 1.05708407e-02 9.03932584e-03 7.39618049e-03 5.72661829e-03 4.13331499e-03 2.72310821e-03 1.58858367e-03 7.88404193e-04 3.32419588e-04 1.78379256e-04 2.45305661e-04 4.43724280e-04 7.15700467e-04 1.07034433e-03 1.59670039e-03 2.43927032e-03 3.73332439e-03 5.51531549e-03 7.64153855e-03 9.75665054e-03 1.13452409e-02 1.18728204e-02 1.09846727e-02 8.69684630e-03
 1.83299701e-02 1.82410314e-02 1.79685394e-02 1.74966236e-02 1.68026951e-02 1.58631996e-02 1.46613899e-02 1.31964156e-02 1.14923762e-02 9.60525173e-03 7.62509930e-03 5.67096121e-03 3.87697399e-03 2.37039229e-03 1.24542757e-03 5.40088224e-04 2.25137394e-04 2.13179852e-04 3.90632576e-04 6.66341596e-04 1.02049962e-03 1.53088901e-03 2.35535185e-03 3.66261007e-03 5.52611189e-03 7.81956380e-03 1.01663877e-02 1.19878245e-02 1.26625290e-02 1.17626582e-02 9.28662534e-03
 2.07190867e-02 2.06424916e-02 2.04045769e-02 1.99821784e-02 1.93408425e-02 1.84412289e-02 1.72481519e-02 1.57417679e-02 1.39296082e-02 1.18571383e-02 9.61361709e-03 7.32970923e-03 5.16414564e-03 3.27912313e-03 1.80801056e-03 8.23400187e-04 3.16856640e-04 2.01623075e-04 3.44238337e-04 6.20440124e-04 9.77632740e-04 1.47616638e-03 2.28140830e-03 3.59258595e-03 5.52127870e-03 7.96312967e-03 1.05259921e-02 1.25719622e-02 1.33940340e-02 1.24897191e-02 9.83730281e-03
 2.26773156e-02 2.26174694e-02 2.24274969e-02 2.20773121e-02 2.15209701e-02 2.07033861e-02 1.95702550e-02 1.80809780e-02 1.62234581e-02 1.40283366e-02 1.15789218e-02 9.01228877e-03 6.50755074e-03 4.25972936e-03 2.44211197e-03 1.16563096e-03 4.48638275e-04 2.11651804e-04 3.06645957e-04 5.78558893e-04 9.40623811e-04 1.43138887e-03 2.21831576e-03 3.52704609e-03 5.50637879e-03 8.07661646e-03 1.08352938e-02 1.30910550e-02 1.40553276e-02 1.31523404e-02 1.03388666e-02
 2.41902800e-02 2.41493724e-02 2.40142088e-02 2.37486098e-02 2.32963096e-02 2.25876841e-02 2.15501554e-02 2.01224238e-02 1.82716423e-02 1.60111078e-02 1.34143164e-02 1.06199782e-02 7.82269733e-03 5.24636066e-03 3.10218541e-03 1.54010979e-03 6.08595323e-04 2.40578210e-04 2.78897512e-04 5.41627708e-04 9.08910095e-04 1.39537002e-03 2.16618027e-03 3.46870430e-03 5.48618653e-03 8.16430821e-03 1.10947188e-02 1.35394685e-02 1.46353502e-02 1.37377286e-02 1.07817956e-02
 2.52912959e-02 2.52692591e-02 2.51890822e-02 2.50095943e-02 2.46659020e-02 2.40759017e-02 2.31508362e-02 2.18104073e-02 2.00018559e-02 1.77206687e-02 1.50284816e-02 1.20620245e-02 9.02662393e-03 6.16993448e-03 3.73678505e-03 1.91369653e-03 7.79458613e-04 2.82311723e-04 2.60648712e-04 5.10571684e-04 8.82388581e-04 1.36708283e-03 2.12465377e-03 3.41938883e-03 5.46463706e-03 8.23015692e-03 1.13050661e-02 1.39125224e-02 1.51242521e-02 1.42342160e-02 1.11573708e-02
 2.60421536e-02 2.60369081e-02 2.60058847e-02 2.59041232e-02 2.56600507e-02 2.51816578e-02 2.43669871e-02 2.31197693e-02 2.13699156e-02 1.90966567e-02 1.63497266e-02 1.32618467e-02 1.00450267e-02 6.96512474e-03 4.29451362e-03 2.25111827e-03 9.41158452e-04 3.28448862e-04 2.50299420e-04 4.86073311e-04 8.61252151e-04 1.34574403e-03 2.09318427e-03 3.38025167e-03 5.44483612e-03 8.27760023e-03 1.14673006e-02 1.42064626e-02 1.55136295e-02 1.46316459e-02 1.14579749e-02
 2.65134465e-02 2.65213129e-02 2.65287935e-02 2.64883178e-02 2.63236282e-02 2.59356163e-02 2.52126441e-02 2.40464491e-02 2.23535870e-02 2.01003379e-02 1.73263799e-02 1.41600727e-02 1.08171092e-02 7.57601504e-03 4.72947585e-03 2.51942638e-03 1.07385317e-03 3.69864586e-04 2.45492807e-04 4.68499939e-04 8.45822484e-04 1.33081737e-03 2.07119675e-03 3.35196483e-03 5.42910618e-03 8.30942792e-03 1.15823724e-02 1.44184249e-02 1.57967263e-02 1.49217198e-02 1.16773655e-02
 2.67677931e-02 2.67839650e-02 2.68158838e-02 2.68144664e-02 2.67007013e-02 2.63712379e-02 2.57085555e-02 2.45969814e-02 2.29446741e-02 2.07095955e-02 1.79247359e-02 1.47151862e-02 1.12983509e-02 7.96016404e-03 5.00571561e-03 2.69197163e-03 1.16087885e-03 3.98448402e-04 2.43811902e-04 4.57965978e-04 8.36415925e-04 1.32197440e-03 2.05821247e-03 3.33488504e-03 5.41904688e-03 8.32768976e-03 1.16510695e-02 1.45463971e-02 1.59685967e-02 1.50982880e-02 1.18109059e-02
 2.68475984e-02 2.68666106e-02 2.69068950e-02 2.69188746e-02 2.68226319e-02 2.65134079e-02 2.58717116e-02 2.47793669e-02 2.31416701e-02 2.09137181e-02 1.81261595e-02 1.49028821e-02 1.14617714e-02 8.09119227e-03 5.10040153e-03 2.75147879e-03 1.19117710e-03 4.08635552e-04 2.43470279e-04 4.54460945e-04 8.33254131e-04 1.31904414e-03 2.05392017e-03 3.32917634e-03 5.41559163e-03 8.33363690e-03 1.16739085e-02 1.45891862e-02 1.60262246e-02 1.51575694e-02 1.18557408e-02
 2.67677931e-02 2.67839650e-02 2.68158838e-02 2.68144664e-02 2.67007013e-02 2.63712379e-02 2.57085555e-02 2.45969814e-02 2.29446741e-02 2.07095955e-02 1.79247359e-02 1.47151862e-02 1.12983509e-02 7.96016404e-03 5.00571561e-03 2.69197163e-03 1.16087885e-03 3.98448402e-04 2.43811902e-04 4.57965978e-04 8.36415925e-04 1.32197440e-03 2.05821247e-03 3.33488504e-03 5.41904688e-03 8.32768976e-03 1.16510695e-02 1.45463971e-02 1.59685967e-02 1.50982880e-02 1.18109059e-02
 2.65134465e-02 2.65213129e-02 2.65287935e-02 2.64883178e-02 2.63236282e-02 2.59356163e-02 2.52126441e-02 2.40464491e-02 2.23535870e-02 2.01003379e-02 1.73263799e-02 1.41600727e-02 1.08171092e-02 7.57601504e-03 4.72947585e-03 2.51942638e-03 1.07385317e-03 3.69864586e-04 2.45492807e-04 4.68499939e-04 8.45822484e-04 1.33081737e-03 2.07119675e-03 3.35196483e-03 5.42910618e-03 8.30942792e-03 1.15823724e-02 1.44184249e-02 1.57967263e-02 1.49217198e-02 1.16773655e-02
 2.60421536e-02 2.60369081e-02 2.60058847e-02 2.59041232e-02 2.56600507e-02 2.51816578e-02 2.43669871e-02 2.31197693e-02 2.13699156e-02 1.90966567e-02 1.63497266e-02 1.32618467e-02 1.00450267e-02 6.96512474e-03 4.29451362e-03 2.25111827e-03 9.41158452e-04 3.28448862e-04 2.50299420e-04 4.86073311e-04 8.61252151e-04 1.34574403e-03 2.09318427e-03 3.38025167e-03 5.44483612e-03 8.27760023e-03 1.14673006e-02 1.42064626e-02 1.55136295e-02 1.46316459e-02 1.14579749e-02
 2.52912959e-02 2.52692591e-02 2.51890822e-02 2.50095943e-02 2.46659020e-02 2.40759017e-02 2.31508362e-02 2.18104073e-02 2.00018559e-02 1.77206687e-02 1.50284816e-02 1.20620245e-02 9.02662393e-03 6.16993448e-03 3.73678505e-03 1.91369653e-03 7.79458613e-04 2.82311723e-04 2.60648712e-04 5.10571684e-04 8.82388581e-04 1.36708283e-03 2.12465377e-03 3.41938883e-03 5.46463706e-03 8.23015692e-03 1.13050661e-02 1.39125224e-02 1.51242521e-02 1.42342160e-02 1.11573708e-02
 2.41902800e-02 2.41493724e-02 2.40142088e-02 2.37486098e-02 2.32963096e-02 2.25876841e-02 2.15501554e-02 2.01224238e-02 1.82716423e-02 1.60111078e-02 1.34143164e-02 1.06199782e-02 7.82269733e-03 5.24636066e-03 3.10218541e-03 1.54010979e-03 6.08595323e-04 2.40578210e-04 2.78897512e-04 5.41627708e-04 9.08910095e-04 1.39537002e-03 2.16618027e-03 3.46870430e-03 5.48618653e-03 8.16430821e-03 1.10947188e-02 1.35394685e-02 1.46353502e-02 1.37377286e-02 1.07817956e-02
 2.26773156e-02 2.26174694e-02 2.24274969e-02 2.20773121e-02 2.15209701e-02 2.07033861e-02 1.95702550e-02 1.80809780e-02 1.62234581e-02 1.40283366e-02 1.15789218e-02 9.01228877e-03 6.50755074e-03 4.25972936e-03 2.44211197e-03 1.16563096e-03 4.48638275e-04 2.11651804e-04 3.06645957e-04 5.78558893e-04 9.40623811e-04 1.43138887e-03 2.21831576e-03 3.52704609e-03 5.50637879e-03 8.07661646e-03 1.08352938e-02 1.30910550e-02 1.40553276e-02 1.31523404e-02 1.03388666e-02
 2.07190867e-02 2.06424916e-02 2.04045769e-02 1.99821784e-02 1.93408425e-02 1.84412289e-02 1.72481519e-02 1.57417679e-02 1.39296082e-02 1.18571383e-02 9.61361709e-03 7.32970923e-03 5.16414564e-03 3.27912313e-03 1.80801056e-03 8.23400187e-04 3.16856640e-04 2.01623075e-04 3.44238337e-04 6.20440124e-04 9.77632740e-04 1.47616638e-03 2.28140830e-03 3.59258595e-03 5.52127870e-03 7.96312967e-03 1.05259921e-02 1.25719622e-02 1.33940340e-02 1.24897191e-02 9.83730281e-03
 1.83299701e-02 1.82410314e-02 1.79685394e-02 1.74966236e-02 1.68026951e-02 1.58631996e-02 1.46613899e-02 1.31964156e-02 1.14923762e-02 9.60525173e-03 7.62509930e-03 5.67096121e-03 3.87697399e-03 2.37039229e-03 1.24542757e-03 5.40088224e-04 2.25137394e-04 2.13179852e-04 3.90632576e-04 6.66341596e-04 1.02049962e-03 1.53088901e-03 2.35535185e-03 3.66261007e-03 5.52611189e-03 7.81956380e-03 1.01663877e-02 1.19878245e-02 1.26625290e-02 1.17626582e-02 9.28662534e-03
 1.55858483e-02 1.54907618e-02 1.52022294e-02 1.47114461e-02 1.40070720e-02 1.30800383e-02 1.19297434e-02 1.05708407e-02 9.03932584e-03 7.39618049e-03 5.72661829e-03 4.13331499e-03 2.72310821e-03 1.58858367e-03 7.88404193e-04 3.32419588e-04 1.78379256e-04 2.45305661e-04 4.43724280e-04 7.15700467e-04 1.07034433e-03 1.59670039e-03 2.43927032e-03 3.73332439e-03 5.51531549e-03 7.64153855e-03 9.75665054e-03 1.13452409e-02 1.18728204e-02 1.09846727e-02 8.69684630e-03
 1.26269155e-02 1.25328421e-02 1.22494801e-02 1.17742155e-02 1.11053224e-02 1.02456219e-02 9.20695260e-03 8.01466070e-03 6.71099588e-03 5.35607054e-03 4.02507858e-03 2.80095203e-03 1.76267804e-03 9.71042632e-04 4.55275673e-04 2.05306047e-04 1.74274785e-04 2.93897947e-04 5.01082407e-04 7.68722188e-04 1.12879286e-03 1.67435537e-03 2.53115800e-03 3.79971184e-03 5.48267309e-03 7.42486727e-03 9.29777262e-03 1.06517598e-02 1.10375817e-02 1.01695932e-02 8.07816297e-03
 9.64509831e-03 9.55903681e-03 9.30137339e-03 8.87425029e-03 8.28308256e-03 7.53901449e-03 6.66170792e-03 5.68177292e-03 4.64197336e-03 3.59628713e-03 2.60608708e-03 1.73322972e-03 1.03072085e-03 5.32749957e-04 2.46939020e-04 1.52153750e-04 2.04638628e-04 3.53210865e-04 5.60906738e-04 8.26647396e-04 1.19769729e-03 1.76373147e-03 2.62752058e-03 3.85548609e-03 5.42155359e-03 7.16589502e-03 8.79178236e-03 9.91583297e-03 1.01698601e-02 9.33117831e-03 7.44067036e-03
 6.85527428e-03 6.78285690e-03 6.56719658e-03 6.21341923e-03 5.73115676e-03 5.13590154e-03 4.45034860e-03 3.70519831e-03 2.93882608e-03 2.19528348e-03 1.52034243e-03 9.55763965e-04 5.32636806e-04 2.65352985e-04 1.48317103e-04 1.57492750e-04 2.58069283e-04 4.17772085e-04 6.22892778e-04 8.91698193e-04 1.27857795e-03 1.86323928e-03 2.72308481e-03 3.89318908e-03 5.32526518e-03 6.86187155e-03 8.24193020e-03 9.14673155e-03 9.28278188e-03 8.48275810e-03 6.79410454e-03
 4.45488384e-03 4.39940082e-03 4.23500384e-03 3.96800674e-03 3.60939590e-03 3.17531332e-03 2.68732976e-03 2.17216278e-03 1.66050081e-03 1.18470356e-03 7.75387275e-04 4.57268014e-04 2.45071457e-04 1.40705983e-04 1.33055750e-04 2.01485537e-04 3.23321664e-04 4.84210284e-04 6.88635467e-04 9.66555767e-04 1.37180425e-03 1.96922227e-03 2.81066269e-03 3.90447428e-03 5.18752306e-03 6.51133782e-03 7.65282827e-03 8.35442279e-03 8.38926524e-03 7.63692390e-03 6.14762549e-03
 2.58211459e-03 2.54406092e-03 2.43189504e-03 2.25162394e-03 2.01329092e-03 1.73088948e-03 1.42200023e-03 1.10697031e-03 8.07496615e-04 5.44587893e-04 3.36068074e-04 1.94023706e-04 1.22836348e-04 1.18587149e-04 1.70564249e-04 2.65246307e-04 3.92444075e-04 5.52344462e-04 7.61260827e-04 1.05332908e-03 1.47562257e-03 2.07548413e-03 2.88126286e-03 3.88060249e-03 5.00301303e-03 6.11449698e-03 7.03052698e-03 7.54940662e-03 7.50174959e-03 6.80527155e-03 5.50964548e-03
 1.28599527e-03 1.26330290e-03 1.19682422e-03 1.09130232e-03 9.54448669e-04 7.96588049e-04 6.30053988e-04 4.68275430e-04 3.24545288e-04 2.10551198e-04 1.34870504e-04 1.01760401e-04 1.10667635e-04 1.56883389e-04 2.33621160e-04 3.35464863e-04 4.62640052e-04 6.24999260e-04 8.44161690e-04 1.15214003e-03 1.58523830e-03 2.17311234e-03 2.92452880e-03 3.81315154e-03 4.76801429e-03 5.67353506e-03 6.38251411e-03 6.74251511e-03 6.63194866e-03 5.99820451e-03 4.88770553e-03
 5.20044525e-04 5.08942834e-04 4.76707583e-04 4.26475335e-04 3.63225028e-04 2.93388981e-04 2.24289914e-04 1.63415297e-04 1.17580450e-04 9.20881801e-05 9.00547604e-05 1.12120151e-04 1.56767512e-04 2.21414136e-04 3.04281664e-04 4.06808072e-04 5.36062628e-04 7.06345252e-04 9.39006544e-04 1.25963728e-03 1.69223533e-03 2.25076489e-03 2.92954822e-03 3.69490584e-03 4.48102631e-03 5.19285315e-03 5.71762541e-03 5.94468029e-03 5.79063504e-03 5.22479854e-03 4.28840002e-03
 1.63786008e-04 1.60002933e-04 1.49240873e-04 1.33201243e-04 1.14521473e-04 9.64864402e-05 8.26485564e-05 7.63937312e-05 8.05149918e-05 9.68821599e-05 1.26316198e-04 1.68778703e-04 2.23957046e-04 2.92253081e-04 3.76065778e-04 4.81108205e-04 6.17348762e-04 7.99066168e-04 1.04351836e-03 1.36790110e-03 1.78463522e-03 2.29553974e-03 2.88601902e-03 3.52085207e-03 4.14332911e-03 4.67917400e-03 5.04586124e-03 5.16667843e-03 4.98746140e-03 4.49272632e-03 3.71734643e-03
 6.55002543e-05 6.53835218e-05 6.52869337e-05 6.59367040e-05 6.84319830e-05 7.40931884e-05 8.42815743e-05 1.00224562e-04 1.22892136e-04 1.52976513e-04 1.91025493e-04 2.37763822e-04 2.94601939e-04 3.64276390e-04 4.51495699e-04 5.63392384e-04 7.09527698e-04 9.01187611e-04 1.14977383e-03 1.46424871e-03 1.84783352e-03 2.29445120e-03 2.78568134e-03 3.28916776e-03 3.75939727e-03 4.14149082e-03 4.37811005e-03 4.41886095e-03 4.23082208e-03 3.80823796e-03 3.17919571e-03
 8.97825932e-05 9.09625277e-05 9.45885871e-05 1.00907371e-04 1.10292609e-04 1.23200662e-04 1.40130442e-04 1.61608163e-04 1.88219403e-04 2.20708617e-04 2.60157484e-04 3.08236662e-04 3.67500427e-04 4.41662328e-04 5.35757632e-04 6.56073741e-04 8.09724164e-04 1.00376707e-03 1.24383426e-03 1.53234211e-03 1.86649103e-03 2.23640156e-03 2.62384448e-03 3.00205999e-03 3.33708849e-03 3.59083635e-03 3.72578649e-03 3.71088346e-03 3.52775715e-03 3.17619079e-03 2.67767709e-03
 1.50334357e-04 1.51765409e-04 1.56097422e-04 1.63447294e-04 1.74012505e-04 1.88080295e-04 2.06049942e-04 2.28475203e-04 2.56132422e-04 2.90115440e-04 3.31950805e-04 3.83716039e-04 4.48130821e-04 5.28578112e-04 6.29002887e-04 7.53634693e-04 9.06491347e-04 1.09064838e-03 1.30730336e-03 1.55472251e-03 1.82722117e-03 2.11438485e-03 2.40076827e-03 2.66629811e-03 2.88753925e-03 3.03986402e-03 3.10039918e-03 3.05144478e-03 2.88389851e-03 2.60012047e-03 2.21567042e-03
 2.15015948e-04 2.16523574e-04 2.21090124e-04 2.28850188e-04 2.40040312e-04 2.55018158e-04 2.74290384e-04 2.98548848e-04 3.28712818e-04 3.65971662e-04 4.11818420e-04 4.68059956e-04 5.36785072e-04 6.20269321e-04 7.20795785e-04 8.40376552e-04 9.80371209e-04 1.14101683e-03 1.32090754e-03 1.51648790e-03 1.72164849e-03 1.92752735e-03 2.12262194e-03 2.29329604e-03 2.42472391e-03 2.50225033e-03 2.51306940e-03 2.44804777e-03 2.30345647e-03 2.08234446e-03 1.79529873e-03
 2.84448896e-04 2.86119187e-04 2.91179503e-04 2.99780224e-04 3.12178606e-04 3.28747888e-04 3.49988167e-04 3.76536705e-04 4.09174132e-04 4.48821611e-04 4.96522641e-04 5.53402079e-04 6.20594689e-04 6.99136452e-04 7.89814634e-04 8.92977485e-04 1.00831154e-03 1.13460337e-03 1.26951237e-03 1.40939013e-03 1.54918820e-03 1.68249709e-03 1.80175346e-03 1.89863846e-03 1.96466784e-03 1.99194627e-03 1.97402736e-03 1.90679273e-03 1.78924317e-03 1.62408866e-03 1.41803409e-03
 3.60026057e-04 3.61789237e-04 3.67116776e-04 3.76122600e-04 3.88996106e-04 4.06000650e-04 4.27469838e-04 4.53800000e-04 4.85436831e-04 5.22853822e-04 5.66520017e-04 6.16854849e-04 6.74168470e-04 7.38587291e-04 8.09966379e-04 8.87792905e-04 9.71087925e-04 1.05831694e-03 1.14732255e-03 1.23529452e-03 1.31879277e-03 1.39383697e-03 1.45607192e-03 1.50101058e-03 1.52434739e-03 1.52232365e-03 1.49211623e-03 1.43221242e-03 1.34272832e-03 1.22562845e-03 1.08481008e-03
 4.23034575e-04 4.24607549e-04 4.29343434e-04 4.37292189e-04 4.48533852e-04 4.63173393e-04 4.81332904e-04 5.03140602e-04 5.28716073e-04 5.58151230e-04 5.91486664e-04 6.28683351e-04 6.69590229e-04 7.13908780e-04 7.61156602e-04 8.10632826e-04 8.61389154e-04 9.12210973e-04 9.61613503e-04 1.00785781e-03 1.04899088e-03 1.08291256e-03 1.10746991e-03 1.12057683e-03 1.12035370e-03 1.10527811e-03 1.07433547e-03 1.02715566e-03 9.64121555e-04 8.86435848e-04 7.96135168e-04
 4.38786503e-04 4.39879809e-04 4.43160329e-04 4.48629151e-04 4.56285684e-04 4.66124024e-04 4.78127827e-04 4.92263681e-04 5.08473016e-04 5.26662679e-04 5.46694393e-04 5.68373500e-04 5.91437552e-04 6.15545519e-04 6.40268602e-04 6.65083792e-04 6.89371479e-04 7.12418417e-04 7.33427285e-04 7.51533829e-04 7.65832165e-04 7.75408253e-04 7.79380819e-04 7.76948199e-04 7.67438745e-04 7.50361682e-04 7.25454727e-04 6.92724482e-04 6.52475658e-04 6.05325668e-04 5.52201941e-04
 3.81780019e-04 3.82317421e-04 3.83924716e-04 3.86586910e-04 3.90278157e-04 3.94960505e-04 4.00582204e-04 4.07075645e-04 4.14355020e-04 4.22313843e-04 4.30822479e-04 4.39725893e-04 4.48841831e-04 4.57959723e-04 4.66840555e-04 4.75218021e-04 4.82801205e-04 4.89279017e-04 4.94326549e-04 4.97613382e-04 4.98813776e-04 4.97618518e-04 4.93748026e-04 4.86966163e-04 4.77094058e-04 4.64023115e-04 4.47726342e-04 4.28267108e-04 4.05804534e-04 3.80594842e-04 3.52988220e-04
 2.61368922e-04 2.61516180e-04 2.61954664e-04 2.62674472e-04 2.63659011e-04 2.64884873e-04 2.66321682e-04 2.67931945e-04 2.69670925e-04 2.71486577e-04 2.73319590e-04 2.75103564e-04 2.76765385e-04 2.78225818e-04 2.79400381e-04 2.80200504e-04 2.80535016e-04 2.80311945e-04 2.79440639e-04 2.77834158e-04 2.75411887e-04 2.72102298e-04 2.67845758e-04 2.62597262e-04 2.56328967e-04 2.49032394e-04 2.40720143e-04 2.31427022e-04 2.21210462e-04 2.10150156e-04 1.98346866e-04
 1.24662117e-04 1.24662541e-04 1.24662984e-04 1.24660965e-04 1.24652375e-04 1.24631509e-04 1.24591128e-04 1.24522527e-04 1.24415629e-04 1.24259107e-04 1.24040519e-04 1.23746483e-04 1.23362877e-04 1.22875060e-04 1.22268136e-04 1.21527237e-04 1.20637833e-04 1.19586059e-04 1.18359068e-04 1.16945378e-04 1.15335225e-04 1.13520903e-04 1.11497080e-04 1.09261082e-04 1.06813129e-04 1.04156517e-04 1.01297728e-04 9.82464690e-05 9.50156327e-05 9.16211678e-05 8.80818694e-05
 2.88312669e-05 2.88247924e-05 2.88053343e-05 2.87727897e-05 2.87269899e-05 2.86677041e-05 2.85946451e-05 2.85074763e-05 2.84058198e-05 2.82892664e-05 2.81573865e-05 2.80097418e-05 2.78458982e-05 2.76654393e-05 2.74679809e-05 2.72531847e-05 2.70207731e-05 2.67705431e-05 2.65023801e-05 2.62162707e-05 2.59123144e-05 2.55907341e-05 2.52518845e-05 2.48962598e-05 2.45244977e-05 2.41373824e-05 2.37358448e-05 2.33209602e-05 2.28939435e-05 2.24561423e-05 2.20090270e-05
 0.00000000e+00 0.00000000e+00 0.00000000e+00 0.00000000e+00 0.00000000e+00 0.00000000e+00 0.00000000e+00 0.00000000e+00 0.00000000e+00 0.00000000e+00 0.00000000e+00 0.00000000e+00 0.00000000e+00 0.00000000e+00 0.00000000e+00 0.00000000e+00 0.00000000e+00 0.00000000e+00 0.00000000e+00 0.00000000e+00 0.00000000e+00 0.00000000e+00 0.00000000e+00 0.00000000e+00 0.00000000e+00 0.00000000e+00 0.00000000e+00 0.00000000e+00 0.00000000e+00 0.00000000e+00 0.00000000e+00
